# exciton 0
0 0 0.1003298976 0 0 0.160981732 0.1003298976 0.160981732 0 0 0 -0.160981732 0 0 0.1003298976 -0.160981732 0.1003298976 0 -0.3814283859 -2.211772432e-17 0 1.301042607e-18 -0.3814283859 0 0 0 -0.4784997698
# exciton 1
0 0 0.6098644559 0 0 -0.1525050021 0.6098644559 -0.1525050021 0 0 0 0.1525050021 0 0 0.6098644559 0.1525050021 0.6098644559 0 0.1943107609 -4.857225733e-17 0 -3.469446952e-17 0.1943107609 0 0 0 0.01089849473
# exciton 2
0 0 0.3456648665 0 0 0.1040587416 0.3456648665 0.1040587416 0 0 0 -0.1040587416 0 0 0.3456648665 -0.1040587416 0.3456648665 0 -0.8565653084 2.428612866e-17 0 3.469446952e-18 -0.8565653084 0 0 0 -0.9635201251
# exciton 3
0 0 -1.707803217 0 0 0.758547487 -1.707803217 0.758547487 0 0 0 -0.758547487 0 0 -1.707803217 -0.758547487 -1.707803217 0 0.09586668283 2.775557562e-17 0 -2.775557562e-17 0.09586668283 0 0 0 -0.07702100992
# exciton 4
0 0 0.3048497516 0 0 -0.2388549075 0.3048497516 -0.2388549075 0 0 0 0.2388549075 0 0 0.3048497516 0.2388549075 0.3048497516 0 0.1833223917 2.498001805e-16 0 -2.567390744e-16 0.1833223917 0 0 0 1.558201301
