# exciton 0
0 0 -0.121055255 0 0 -0.04094663851 -0.121055255 -0.04094663851 0 0 0 0.04094663851 0 0 -0.121055255 0.04094663851 -0.121055255 0 0.5077821383 -1.647987302e-17 0 1.647987302e-17 0.5077821383 0 0 0 0.4585682972
# exciton 1
0 0 -0.1574175412 0 0 0.5636698403 -0.1574175412 0.5636698403 0 0 0 -0.5636698403 0 0 -0.1574175412 -0.5636698403 -0.1574175412 0 0.2781216045 -3.469446952e-17 0 3.469446952e-17 0.2781216045 0 0 0 0.4300554363
# exciton 2
0 0 0.2828551462 0 0 -0.4421932726 0.2828551462 -0.4421932726 0 0 0 0.4421932726 0 0 0.2828551462 0.4421932726 0.2828551462 0 -1.028044133 2.428612866e-17 0 -2.428612866e-17 -1.028044133 0 0 0 -0.1969366362
# exciton 3
0 0 -0.1283122048 0 0 0.8330428489 -0.1283122048 0.8330428489 0 0 0 -0.8330428489 0 0 -0.1283122048 -0.8330428489 -0.1283122048 0 0.5348304056 -1.387778781e-16 0 1.387778781e-16 0.5348304056 0 0 0 -0.2420573344
# exciton 4
0 0 0.7326884466 0 0 -0.7182214795 0.7326884466 -0.7182214795 0 0 0 0.7182214795 0 0 0.7326884466 0.7182214795 0.7326884466 0 -0.4767490812 -5.551115123e-17 0 5.551115123e-17 -0.4767490812 0 0 0 0.4306031894
