# exciton 0
0 0 0.1003211775 0 0 0.003010454532 0.1003211775 0.003010454532 0 0 0 -0.003010454532 0 0 0.1003211775 -0.003010454532 0.1003211775 0 -1.726939109 -1.32272665e-17 0 2.016616041e-17 -1.726939109 0 0 0 -1.101378681
# exciton 1
0 0 -0.2325613957 0 0 0.2857599024 -0.2325613957 0.2857599024 0 0 0 -0.2857599024 0 0 -0.2325613957 -0.2857599024 -0.2325613957 0 0.9654335077 -6.245004514e-17 0 1.179611964e-16 0.9654335077 0 0 0 2.02087005
# exciton 2
0 0 -0.5825548639 0 0 0.3681787232 -0.5825548639 0.3681787232 0 0 0 -0.3681787232 0 0 -0.5825548639 -0.3681787232 -0.5825548639 0 0.5130059276 -7.806255642e-17 0 2.255140519e-17 0.5130059276 0 0 0 0.8401063216
# exciton 3
0 0 -0.1155261252 0 0 -1.306399409 -0.1155261252 -1.306399409 0 0 0 1.306399409 0 0 -0.1155261252 1.306399409 -0.1155261252 0 0.3207354343 6.938893904e-18 0 4.857225733e-17 0.3207354343 0 0 0 -0.0889332717
# exciton 4
0 0 -0.1484620809 0 0 0.03712126605 -0.1484620809 0.03712126605 0 0 0 -0.03712126605 0 0 -0.1484620809 -0.03712126605 -0.1484620809 0 -0.1045657969 -7.632783294e-17 0 5.204170428e-17 -0.1045657969 0 0 0 1.053861605
