# exciton 0
0 0 0.1244717266 0 0 -0.01015011485 0.1244717266 -0.01015011485 0 0 0 0.01015011485 0 0 0.1244717266 0.01015011485 0.1244717266 0 -1.654608919 2.775557562e-17 0 -2.775557562e-17 -1.654608919 0 0 0 -1.098313662
# exciton 1
0 0 0.2733159084 0 0 -0.4992484675 0.2733159084 -0.4992484675 0 0 0 0.4992484675 0 0 0.2733159084 0.4992484675 0.2733159084 0 0.2291833078 -1.387778781e-17 0 1.387778781e-17 0.2291833078 0 0 0 1.248226671
# exciton 2
0 0 -0.3479109609 0 0 0.5308945189 -0.3479109609 0.5308945189 0 0 0 -0.5308945189 0 0 -0.3479109609 -0.5308945189 -0.3479109609 0 0.04240265594 0 0 0 0.04240265594 0 0 0 0.04329546913
# exciton 3
0 0 -1.462632838 0 0 -0.1914605125 -1.462632838 -0.1914605125 0 0 0 0.1914605125 0 0 -1.462632838 0.1914605125 -1.462632838 0 -0.1074760166 0 0 0 -0.1074760166 0 0 0 0.04095653816
# exciton 4
0 0 -0.1565811407 0 0 -0.4169319946 -0.1565811407 -0.4169319946 0 0 0 0.4169319946 0 0 -0.1565811407 0.4169319946 -0.1565811407 0 0.5733766703 6.938893904e-17 0 -6.938893904e-17 0.5733766703 0 0 0 1.321416401
