# exciton 0
0 0 0.03172075011 0 0 0.02267313551 0.03172075011 0.02267313551 0 0 0 -0.02267313551 0 0 0.03172075011 -0.02267313551 0.03172075011 0 -1.88483637 -6.505213035e-19 0 7.589415207e-18 -1.88483637 0 0 0 -0.9765894034
# exciton 1
0 0 -0.2851492983 0 0 0.4656785238 -0.2851492983 0.4656785238 0 0 0 -0.4656785238 0 0 -0.2851492983 -0.4656785238 -0.2851492983 0 0.5115475743 -4.510281038e-17 0 1.283695372e-16 0.5115475743 0 0 0 2.067437894
# exciton 2
0 0 -0.4116671715 0 0 0.4510235597 -0.4116671715 0.4510235597 0 0 0 -0.4510235597 0 0 -0.4116671715 -0.4510235597 -0.4116671715 0 0.8811767825 -2.949029909e-17 0 -2.602085214e-17 0.8811767825 0 0 0 0.3486469822
# exciton 3
0 0 -0.3323884974 0 0 -0.9399653075 -0.3323884974 -0.9399653075 0 0 0 0.9399653075 0 0 -0.3323884974 0.9399653075 -0.3323884974 0 0.06163085449 2.081668171e-17 0 -2.081668171e-17 0.06163085449 0 0 0 0.03805721578
# exciton 4
0 0 -0.4751654858 0 0 -0.8200960099 -0.4751654858 -0.8200960099 0 0 0 0.8200960099 0 0 -0.4751654858 0.8200960099 -0.4751654858 0 0.0348931664 -1.179611964e-16 0 9.020562075e-17 0.0348931664 0 0 0 1.17937669
