# exciton 0
0 0 -0.2573582489 0 0 0.04512988373 -0.2573582489 0.04512988373 0 0 0 -0.04512988373 0 0 -0.2573582489 -0.04512988373 -0.2573582489 0 0.9134823291 8.67361738e-18 0 -8.67361738e-18 0.9134823291 0 0 0 1.07760973
# exciton 1
0 0 -0.7150560968 0 0 -0.7908715581 -0.7150560968 -0.7908715581 0 0 0 0.7908715581 0 0 -0.7150560968 0.7908715581 -0.7150560968 0 -0.09282570777 0 0 0 -0.09282570777 0 0 0 -0.08748753421
# exciton 2
0 0 0.03685074198 0 0 0.3272073741 0.03685074198 0.3272073741 0 0 0 -0.3272073741 0 0 0.03685074198 -0.3272073741 0.03685074198 0 0.4423610142 -3.469446952e-17 0 3.469446952e-17 0.4423610142 0 0 0 0.5153632878
# exciton 3
0 0 1.726099522 0 0 0.3965694135 1.726099522 0.3965694135 0 0 0 -0.3965694135 0 0 1.726099522 -0.3965694135 1.726099522 0 0.03390597993 0 0 0 0.03390597993 0 0 0 0.2735148465
# exciton 4
0 0 0.1117043894 0 0 0.06741199596 0.1117043894 0.06741199596 0 0 0 -0.06741199596 0 0 0.1117043894 -0.06741199596 0.1117043894 0 -0.5377921229 2.636779683e-16 0 -2.636779683e-16 -0.5377921229 0 0 0 -1.571595892
