# exciton 0
0 0 -0.1412617755 0 0 -0.107668649 -0.1412617755 -0.107668649 0 0 0 0.107668649 0 0 -0.1412617755 0.107668649 -0.1412617755 0 0.5719516503 -1.170938346e-17 0 1.170938346e-17 0.5719516503 0 0 0 0.5395606671
# exciton 1
0 0 -0.3709868369 0 0 0.3360276039 -0.3709868369 0.3360276039 0 0 0 -0.3360276039 0 0 -0.3709868369 -0.3360276039 -0.3709868369 0 0.3078484454 3.469446952e-17 0 -3.469446952e-17 0.3078484454 0 0 0 0.6500545541
# exciton 2
0 0 0.3261617585 0 0 -0.4783408114 0.3261617585 -0.4783408114 0 0 0 0.4783408114 0 0 0.3261617585 0.4783408114 0.3261617585 0 -0.7584479766 4.510281038e-17 0 -4.510281038e-17 -0.7584479766 0 0 0 -0.1873191483
# exciton 3
0 0 -0.01101371736 0 0 0.7424948105 -0.01101371736 0.7424948105 0 0 0 -0.7424948105 0 0 -0.01101371736 -0.7424948105 -0.01101371736 0 0.2879581963 5.551115123e-17 0 -5.551115123e-17 0.2879581963 0 0 0 0.3612184468
# exciton 4
0 0 0.2473220316 0 0 -0.441757379 0.2473220316 -0.441757379 0 0 0 0.441757379 0 0 0.2473220316 0.441757379 0.2473220316 0 -1.077925459 -6.591949209e-17 0 6.591949209e-17 -1.077925459 0 0 0 1.116034618
