# exciton 0
0 0 -0.162240856 0 0 -0.134748165 -0.162240856 -0.134748165 0 0 0 0.134748165 0 0 -0.162240856 0.134748165 -0.162240856 0 0.3276952685 8.67361738e-19 0 -8.67361738e-19 0.3276952685 0 0 0 0.499645291
# exciton 1
0 0 -0.5249233565 0 0 -0.5559514146 -0.5249233565 -0.5559514146 0 0 0 0.5559514146 0 0 -0.5249233565 0.5559514146 -0.5249233565 0 0.7886160622 -1.387778781e-17 0 1.387778781e-17 0.7886160622 0 0 0 0.586064855
# exciton 2
0 0 0.1725503109 0 0 -0.324457842 0.1725503109 -0.324457842 0 0 0 0.324457842 0 0 0.1725503109 0.324457842 0.1725503109 0 0.2409075332 -4.163336342e-17 0 4.163336342e-17 0.2409075332 0 0 0 0.2043473478
# exciton 3
0 0 -0.1665697744 0 0 0.3193512427 -0.1665697744 0.3193512427 0 0 0 -0.3193512427 0 0 -0.1665697744 -0.3193512427 -0.1665697744 0 -0.9662574707 2.775557562e-17 0 -2.775557562e-17 -0.9662574707 0 0 0 2.94913842
# exciton 4
0 0 -0.3432938157 0 0 0.7541844918 -0.3432938157 0.7541844918 0 0 0 -0.7541844918 0 0 -0.3432938157 -0.7541844918 -0.3432938157 0 -1.562363339 1.110223025e-16 0 -1.110223025e-16 -1.562363339 0 0 0 1.036286139
