# exciton 0
0 0 -0.2005196707 0 0 -0.1202202718 -0.2005196707 -0.1202202718 0 0 0 0.1202202718 0 0 -0.2005196707 0.1202202718 -0.2005196707 0 0.7460913589 -3.903127821e-18 0 3.903127821e-18 0.7460913589 0 0 0 0.924439847
# exciton 1
0 0 -0.07088983349 0 0 -0.1416541904 -0.07088983349 -0.1416541904 0 0 0 0.1416541904 0 0 -0.07088983349 0.1416541904 -0.07088983349 0 -1.666970261 -1.387778781e-17 0 1.387778781e-17 -1.666970261 0 0 0 -0.8325139557
# exciton 2
0 0 0.2978971123 0 0 -0.3096718809 0.2978971123 -0.3096718809 0 0 0 0.3096718809 0 0 0.2978971123 0.3096718809 0.2978971123 0 -0.159648205 -5.551115123e-17 0 5.551115123e-17 -0.159648205 0 0 0 -0.7082749391
# exciton 3
0 0 -0.04082916344 0 0 -0.7259420732 -0.04082916344 -0.7259420732 0 0 0 0.7259420732 0 0 -0.04082916344 0.7259420732 -0.04082916344 0 -0.1988160037 1.387778781e-17 0 -1.387778781e-17 -0.1988160037 0 0 0 -0.7038915098
# exciton 4
0 0 -0.704957723 0 0 1.396128217 -0.704957723 1.396128217 0 0 0 -1.396128217 0 0 -0.704957723 -1.396128217 -0.704957723 0 0.1578798052 6.938893904e-18 0 -6.938893904e-18 0.1578798052 0 0 0 0.1444319977
