# exciton 0
0 0 0.0955376676 0 0 -0.03183077251 0.0955376676 -0.03183077251 0 0 0 0.03183077251 0 0 0.0955376676 0.03183077251 0.0955376676 0 -1.525822358 -9.540979118e-18 0 9.540979118e-18 -1.525822358 0 0 0 -0.9195228218
# exciton 1
0 0 0.1145457246 0 0 0.463023844 0.1145457246 0.463023844 0 0 0 -0.463023844 0 0 0.1145457246 -0.463023844 0.1145457246 0 0.147607404 1.387778781e-17 0 -1.387778781e-17 0.147607404 0 0 0 0.8497970812
# exciton 2
0 0 -0.2102024309 0 0 0.1291371723 -0.2102024309 0.1291371723 0 0 0 -0.1291371723 0 0 -0.2102024309 -0.1291371723 -0.2102024309 0 1.08386033 2.775557562e-17 0 -2.775557562e-17 1.08386033 0 0 0 -0.1676596598
# exciton 3
0 0 -0.2665905972 0 0 0.04449804013 -0.2665905972 0.04449804013 0 0 0 -0.04449804013 0 0 -0.2665905972 -0.04449804013 -0.2665905972 0 -0.02185192633 -5.551115123e-17 0 5.551115123e-17 -0.02185192633 0 0 0 -0.4027357373
# exciton 4
0 0 -0.1460452221 0 0 -1.263601377 -0.1460452221 -1.263601377 0 0 0 1.263601377 0 0 -0.1460452221 1.263601377 -0.1460452221 0 0.9321937688 -1.179611964e-16 0 1.179611964e-16 0.9321937688 0 0 0 -0.3014696881
