# exciton 0
0 0 -0.2385670598 0 0 0.06575487093 -0.2385670598 0.06575487093 0 0 0 -0.06575487093 0 0 -0.2385670598 -0.06575487093 -0.2385670598 0 0.654196119 1.734723476e-18 0 -1.734723476e-18 0.654196119 0 0 0 0.9065469515
# exciton 1
0 0 -0.6862499226 0 0 -0.7366514194 -0.6862499226 -0.7366514194 0 0 0 0.7366514194 0 0 -0.6862499226 0.7366514194 -0.6862499226 0 0.122739235 -1.387778781e-17 0 1.387778781e-17 0.122739235 0 0 0 0.04842144753
# exciton 2
0 0 -0.04028842174 0 0 0.2306149093 -0.04028842174 0.2306149093 0 0 0 -0.2306149093 0 0 -0.04028842174 -0.2306149093 -0.04028842174 0 0.6045884802 -4.857225733e-17 0 4.857225733e-17 0.6045884802 0 0 0 0.6203421655
# exciton 3
0 0 1.627600457 0 0 0.4868488283 1.627600457 0.4868488283 0 0 0 -0.4868488283 0 0 1.627600457 -0.4868488283 1.627600457 0 -0.07463297468 2.775557562e-17 0 -2.775557562e-17 -0.07463297468 0 0 0 0.5514188539
# exciton 4
0 0 0.1610673039 0 0 0.1759065357 0.1610673039 0.1759065357 0 0 0 -0.1759065357 0 0 0.1610673039 -0.1759065357 0.1610673039 0 -0.4487325886 3.330669074e-16 0 -3.330669074e-16 -0.4487325886 0 0 0 -1.673080489
