# exciton 0
0 0 0.1447622564 0 0 -0.1492110418 0.1447622564 -0.1492110418 0 0 0 0.1492110418 0 0 0.1447622564 0.1492110418 0.1447622564 0 -0.5829582612 -5.204170428e-18 0 5.204170428e-18 -0.5829582612 0 0 0 -0.7190413265
# exciton 1
0 0 -0.03134229264 0 0 -0.1747992053 -0.03134229264 -0.1747992053 0 0 0 0.1747992053 0 0 -0.03134229264 0.1747992053 -0.03134229264 0 1.475708589 -2.775557562e-17 0 2.775557562e-17 1.475708589 0 0 0 0.9838261782
# exciton 2
0 0 -0.05531043369 0 0 -0.4465402927 -0.05531043369 -0.4465402927 0 0 0 0.4465402927 0 0 -0.05531043369 0.4465402927 -0.05531043369 0 0.05905260997 -2.775557562e-17 0 2.775557562e-17 0.05905260997 0 0 0 0.2808690639
# exciton 3
0 0 0.2124329449 0 0 -0.3840572371 0.2124329449 -0.3840572371 0 0 0 0.3840572371 0 0 0.2124329449 0.3840572371 0.2124329449 0 0.5285413241 -4.163336342e-17 0 4.163336342e-17 0.5285413241 0 0 0 0.09968558417
# exciton 4
0 0 0.75447489 0 0 1.374154162 0.75447489 1.374154162 0 0 0 -1.374154162 0 0 0.75447489 -1.374154162 0.75447489 0 -0.267332126 0 0 0 -0.267332126 0 0 0 0.05771037144
