# exciton 0
0 0 -0.02295842864 0 0 -0.04649750155 -0.02295842864 -0.04649750155 0 0 0 0.04649750155 0 0 -0.02295842864 0.04649750155 -0.02295842864 0 -0.0675496763 4.33680869e-18 0 -4.33680869e-18 -0.0675496763 0 0 0 -0.06734719051
# exciton 1
0 0 0.02449653744 0 0 0.3022339222 0.02449653744 0.3022339222 0 0 0 -0.3022339222 0 0 0.02449653744 -0.3022339222 0.02449653744 0 0.7123273256 0 0 0 0.7123273256 0 0 0 0.7070808432
# exciton 2
0 0 0.484329099 0 0 -0.4986410229 0.484329099 -0.4986410229 0 0 0 0.4986410229 0 0 0.484329099 0.4986410229 0.484329099 0 -0.5679269053 3.469446952e-17 0 -3.469446952e-17 -0.5679269053 0 0 0 -0.7715961314
# exciton 3
0 0 0.2175787155 0 0 0.7651156447 0.2175787155 0.7651156447 0 0 0 -0.7651156447 0 0 0.2175787155 -0.7651156447 0.2175787155 0 1.227938504 -2.775557562e-17 0 2.775557562e-17 1.227938504 0 0 0 -1.521398476
# exciton 4
0 0 1.164602229 0 0 -0.01902309715 1.164602229 -0.01902309715 0 0 0 0.01902309715 0 0 1.164602229 0.01902309715 1.164602229 0 0.05880742802 -1.387778781e-17 0 1.387778781e-17 0.05880742802 0 0 0 -0.04617943383
