# exciton 0
0 0 0.1500086773 0 0 -0.1668527398 0.1500086773 -0.1668527398 0 0 0 0.1668527398 0 0 0.1500086773 0.1668527398 0.1500086773 0 -0.4354622104 4.33680869e-19 0 -3.903127821e-18 -0.4354622104 0 0 0 -0.4987479617
# exciton 1
0 0 0.5370269296 0 0 -0.07279227877 0.5370269296 -0.07279227877 0 0 0 0.07279227877 0 0 0.5370269296 0.07279227877 0.5370269296 0 -0.5029384135 0 0 0 -0.5029384135 0 0 0 -0.9012386745
# exciton 2
0 0 -0.3459960413 0 0 -0.5137433733 -0.3459960413 -0.5137433733 0 0 0 0.5137433733 0 0 -0.3459960413 0.5137433733 -0.3459960413 0 0.2984909977 2.775557562e-17 0 -1.387778781e-17 0.2984909977 0 0 0 0.1758887045
# exciton 3
0 0 0.07132574773 0 0 0.5745160263 0.07132574773 0.5745160263 0 0 0 -0.5745160263 0 0 0.07132574773 -0.5745160263 0.07132574773 0 0.1720912001 -6.938893904e-17 0 6.938893904e-17 0.1720912001 0 0 0 -1.406165985
# exciton 4
0 0 0.2063933482 0 0 0.2105097847 0.2063933482 0.2105097847 0 0 0 -0.2105097847 0 0 0.2063933482 -0.2105097847 0.2063933482 0 1.580392874 -3.469446952e-17 0 3.469446952e-17 1.580392874 0 0 0 -1.666557141
