# exciton 0
0 0 0.1799349599 0 0 -0.1644108354 0.1799349599 -0.1644108354 0 0 0 0.1644108354 0 0 0.1799349599 0.1644108354 0.1799349599 0 -0.4558222914 3.469446952e-18 0 -3.469446952e-18 -0.4558222914 0 0 0 -0.5938799506
# exciton 1
0 0 0.606748871 0 0 -0.3655058475 0.606748871 -0.3655058475 0 0 0 0.3655058475 0 0 0.606748871 0.3655058475 0.606748871 0 -0.5616898748 1.387778781e-17 0 -1.387778781e-17 -0.5616898748 0 0 0 -0.7987068681
# exciton 2
0 0 -0.2908783805 0 0 -0.403597783 -0.2908783805 -0.403597783 0 0 0 0.403597783 0 0 -0.2908783805 0.403597783 -0.2908783805 0 0.0246099991 0 0 0 0.0246099991 0 0 0 0.01600211648
# exciton 3
0 0 0.1419689306 0 0 0.4515931481 0.1419689306 0.4515931481 0 0 0 -0.4515931481 0 0 0.1419689306 -0.4515931481 0.1419689306 0 0.6587220305 0 0 0 0.6587220305 0 0 0 -2.359983022
# exciton 4
0 0 0.468494157 0 0 0.4594418258 0.468494157 0.4594418258 0 0 0 -0.4594418258 0 0 0.468494157 -0.4594418258 0.468494157 0 1.799112783 1.387778781e-17 0 -1.387778781e-17 1.799112783 0 0 0 -1.685406655
