# exciton 0
0 0 0.1303045037 0 0 -0.1494465551 0.1303045037 -0.1494465551 0 0 0 0.1494465551 0 0 0.1303045037 0.1494465551 0.1303045037 0 -0.4013255151 -3.903127821e-18 0 4.33680869e-19 -0.4013255151 0 0 0 -0.428947834
# exciton 1
0 0 0.4494564645 0 0 0.1054848174 0.4494564645 0.1054848174 0 0 0 -0.1054848174 0 0 0.4494564645 -0.1054848174 0.4494564645 0 -0.486065684 2.081668171e-17 0 -2.081668171e-17 -0.486065684 0 0 0 -0.8846315156
# exciton 2
0 0 -0.3655649494 0 0 -0.5496611045 -0.3655649494 -0.5496611045 0 0 0 0.5496611045 0 0 -0.3655649494 0.5496611045 -0.3655649494 0 0.4582849608 3.469446952e-17 0 -2.775557562e-17 0.4582849608 0 0 0 0.2613569196
# exciton 3
0 0 -0.009913459575 0 0 0.6570971859 -0.009913459575 0.6570971859 0 0 0 -0.6570971859 0 0 -0.009913459575 -0.6570971859 -0.009913459575 0 -0.1684121026 6.591949209e-17 0 -6.591949209e-17 -0.1684121026 0 0 0 -0.7085122089
# exciton 4
0 0 -0.08210887726 0 0 0.0381113139 -0.08210887726 0.0381113139 0 0 0 -0.0381113139 0 0 -0.08210887726 -0.0381113139 -0.08210887726 0 1.278925959 -5.03069808e-17 0 5.03069808e-17 1.278925959 0 0 0 -1.365830813
