# exciton 0
0 0 0.1053513468 0 0 0.02619681224 0.1053513468 0.02619681224 0 0 0 -0.02619681224 0 0 0.1053513468 -0.02619681224 0.1053513468 0 -0.4049592393 -1.734723476e-17 0 1.387778781e-17 -0.4049592393 0 0 0 -0.3735024584
# exciton 1
0 0 -0.03501407958 0 0 0.6603779722 -0.03501407958 0.6603779722 0 0 0 -0.6603779722 0 0 -0.03501407958 -0.6603779722 -0.03501407958 0 -0.2463728988 0 0 -5.551115123e-17 -0.2463728988 0 0 0 -0.2401456503
# exciton 2
0 0 -0.252890816 0 0 -0.3716574604 -0.252890816 -0.3716574604 0 0 0 0.3716574604 0 0 -0.252890816 0.3716574604 -0.252890816 0 1.1958063 4.857225733e-17 0 6.938893904e-18 1.1958063 0 0 0 0.2412907169
# exciton 3
0 0 0.3728247419 0 0 0.8823076067 0.3728247419 0.8823076067 0 0 0 -0.8823076067 0 0 0.3728247419 -0.8823076067 0.3728247419 0 -0.5924684725 -8.326672685e-17 0 8.326672685e-17 -0.5924684725 0 0 0 0.4842232684
# exciton 4
0 0 -1.032320316 0 0 -0.8521046485 -1.032320316 -0.8521046485 0 0 0 0.8521046485 0 0 -1.032320316 0.8521046485 -1.032320316 0 0.023246714 -6.938893904e-18 0 6.938893904e-18 0.023246714 0 0 0 -0.01508665246
