# exciton 0
0 0 0.1397329196 0 0 0.1681930893 0.1397329196 0.1681930893 0 0 0 -0.1681930893 0 0 0.1397329196 -0.1681930893 0.1397329196 0 -0.347745753 -3.469446952e-17 0 3.469446952e-17 -0.347745753 0 0 0 -0.4901467667
# exciton 1
0 0 -0.0291558308 0 0 0.3460288503 -0.0291558308 0.3460288503 0 0 0 -0.3460288503 0 0 -0.0291558308 -0.3460288503 -0.0291558308 0 1.019089517 -2.775557562e-17 0 2.775557562e-17 1.019089517 0 0 0 -0.2231188665
# exciton 2
0 0 -0.08961230765 0 0 0.01954201397 -0.08961230765 0.01954201397 0 0 0 -0.01954201397 0 0 -0.08961230765 -0.01954201397 -0.08961230765 0 1.487179649 -1.110223025e-16 0 1.110223025e-16 1.487179649 0 0 0 0.2813929378
# exciton 3
0 0 1.239981799 0 0 0.2589346205 1.239981799 0.2589346205 0 0 0 -0.2589346205 0 0 1.239981799 -0.2589346205 1.239981799 0 -0.1167929716 -6.938893904e-18 0 6.938893904e-18 -0.1167929716 0 0 0 0.4859427812
# exciton 4
0 0 -0.007516707278 0 0 -0.3932722718 -0.007516707278 -0.3932722718 0 0 0 0.3932722718 0 0 -0.007516707278 0.3932722718 -0.007516707278 0 0.03500965206 2.168404345e-16 0 -2.168404345e-16 0.03500965206 0 0 0 -1.408978077
