# exciton 0
0 0 0.007324691093 0 0 -0.1700953931 0.007324691093 -0.1700953931 0 0 0 0.1700953931 0 0 0.007324691093 0.1700953931 0.007324691093 0 0.09601961849 -8.67361738e-19 0 8.67361738e-19 0.09601961849 0 0 0 0.1175600058
# exciton 1
0 0 0.2692217835 0 0 -0.08579973533 0.2692217835 -0.08579973533 0 0 0 0.08579973533 0 0 0.2692217835 0.08579973533 0.2692217835 0 -0.9968071538 3.469446952e-17 0 -3.469446952e-17 -0.9968071538 0 0 0 -1.030004582
# exciton 2
0 0 -0.2985370143 0 0 -0.6180272098 -0.2985370143 -0.6180272098 0 0 0 0.6180272098 0 0 -0.2985370143 0.6180272098 -0.2985370143 0 0.12957056 1.214306433e-17 0 -1.214306433e-17 0.12957056 0 0 0 0.2598043417
# exciton 3
0 0 -0.1544129774 0 0 0.3107293557 -0.1544129774 0.3107293557 0 0 0 -0.3107293557 0 0 -0.1544129774 -0.3107293557 -0.1544129774 0 -0.4504834906 -3.469446952e-17 0 3.469446952e-17 -0.4504834906 0 0 0 -0.2626505777
# exciton 4
0 0 -0.4813807178 0 0 0.8530047354 -0.4813807178 0.8530047354 0 0 0 -0.8530047354 0 0 -0.4813807178 -0.8530047354 -0.4813807178 0 0.7878675727 -2.081668171e-17 0 2.081668171e-17 0.7878675727 0 0 0 -0.7306578006
