# exciton 0
0 0 0.2117304489 0 0 0.05364127304 0.2117304489 0.05364127304 0 0 0 -0.05364127304 0 0 0.2117304489 -0.05364127304 0.2117304489 0 -1.224753894 2.818925648e-17 0 -2.818925648e-17 -1.224753894 0 0 0 -1.12912859
# exciton 1
0 0 0.591264188 0 0 -0.7306822409 0.591264188 -0.7306822409 0 0 0 0.7306822409 0 0 0.591264188 0.7306822409 0.591264188 0 0.3556409154 0 0 0 0.3556409154 0 0 0 0.5917658871
# exciton 2
0 0 -0.02579931231 0 0 0.4621964686 -0.02579931231 0.4621964686 0 0 0 -0.4621964686 0 0 -0.02579931231 -0.4621964686 -0.02579931231 0 -0.2857923021 -2.775557562e-17 0 2.775557562e-17 -0.2857923021 0 0 0 -0.5237048924
# exciton 3
0 0 -1.802747585 0 0 0.1934401631 -1.802747585 0.1934401631 0 0 0 -0.1934401631 0 0 -1.802747585 -0.1934401631 -1.802747585 0 -0.07256592013 1.387778781e-17 0 -1.387778781e-17 -0.07256592013 0 0 0 0.05792779457
# exciton 4
0 0 -0.1702900345 0 0 -0.04150352051 -0.1702900345 -0.04150352051 0 0 0 0.04150352051 0 0 -0.1702900345 0.04150352051 -0.1702900345 0 0.2978883293 2.428612866e-16 0 -2.428612866e-16 0.2978883293 0 0 0 1.972003345
