# exciton 0
0 0 -0.107509266 0 0 -0.04067277658 -0.107509266 -0.04067277658 0 0 0 0.04067277658 0 0 -0.107509266 0.04067277658 -0.107509266 0 1.678097302 1.994931997e-17 0 -6.071532166e-18 1.678097302 0 0 0 1.048480083
# exciton 1
0 0 -0.2323385257 0 0 -0.2472512083 -0.2323385257 -0.2472512083 0 0 0 0.2472512083 0 0 -0.2323385257 0.2472512083 -0.2323385257 0 -0.1432015941 1.387778781e-17 0 4.163336342e-17 -0.1432015941 0 0 0 -1.141651889
# exciton 2
0 0 0.3988888618 0 0 0.4210043635 0.3988888618 0.4210043635 0 0 0 -0.4210043635 0 0 0.3988888618 -0.4210043635 0.3988888618 0 -0.3093671424 -5.551115123e-17 0 2.775557562e-17 -0.3093671424 0 0 0 -0.1251810342
# exciton 3
0 0 1.123615742 0 0 -0.1527131776 1.123615742 -0.1527131776 0 0 0 0.1527131776 0 0 1.123615742 0.1527131776 1.123615742 0 0.08449948522 -2.775557562e-17 0 -2.775557562e-17 0.08449948522 0 0 0 0.1579796293
# exciton 4
0 0 0.0008310833275 0 0 -0.7142036416 0.0008310833275 -0.7142036416 0 0 0 0.7142036416 0 0 0.0008310833275 0.7142036416 0.0008310833275 0 -0.9302865506 -4.163336342e-17 0 -1.387778781e-17 -0.9302865506 0 0 0 -0.4542628629
