# exciton 0
0 0 -0.04087652448 0 0 0.02303044323 -0.04087652448 0.02303044323 0 0 0 -0.02303044323 0 0 -0.04087652448 -0.02303044323 -0.04087652448 0 0.02988473329 -1.127570259e-17 0 1.127570259e-17 0.02988473329 0 0 0 0.02934217026
# exciton 1
0 0 0.1625102153 0 0 0.4443773743 0.1625102153 0.4443773743 0 0 0 -0.4443773743 0 0 0.1625102153 -0.4443773743 0.1625102153 0 0.5385407091 -2.775557562e-17 0 2.775557562e-17 0.5385407091 0 0 0 0.403440836
# exciton 2
0 0 0.4333056579 0 0 -0.3947797703 0.4333056579 -0.3947797703 0 0 0 0.3947797703 0 0 0.4333056579 0.3947797703 0.4333056579 0 -0.8465740504 6.938893904e-18 0 -6.938893904e-18 -0.8465740504 0 0 0 -0.7141971811
# exciton 3
0 0 -0.1872362373 0 0 0.8968917561 -0.1872362373 0.8968917561 0 0 0 -0.8968917561 0 0 -0.1872362373 -0.8968917561 -0.1872362373 0 1.004686895 -5.551115123e-17 0 5.551115123e-17 1.004686895 0 0 0 -1.238902375
# exciton 4
0 0 1.236400005 0 0 -0.4206214481 1.236400005 -0.4206214481 0 0 0 0.4206214481 0 0 1.236400005 0.4206214481 1.236400005 0 0.2484809604 4.163336342e-17 0 -4.163336342e-17 0.2484809604 0 0 0 -0.1404470813
