# exciton 0
0 0 -0.1003298976 0 0 0.160981732 -0.1003298976 0.160981732 0 0 0 -0.160981732 0 0 -0.1003298976 -0.160981732 -0.1003298976 0 0.3814283859 -7.806255642e-18 0 8.67361738e-19 0.3814283859 0 0 0 0.4784997698
# exciton 1
0 0 -0.6098644559 0 0 -0.1525050021 -0.6098644559 -0.1525050021 0 0 0 0.1525050021 0 0 -0.6098644559 0.1525050021 -0.6098644559 0 -0.1943107609 -2.081668171e-17 0 -6.938893904e-18 -0.1943107609 0 0 0 -0.01089849473
# exciton 2
0 0 -0.3456648665 0 0 0.1040587416 -0.3456648665 0.1040587416 0 0 0 -0.1040587416 0 0 -0.3456648665 -0.1040587416 -0.3456648665 0 0.8565653084 2.428612866e-17 0 5.898059818e-17 0.8565653084 0 0 0 0.9635201251
# exciton 3
0 0 1.707803217 0 0 0.758547487 1.707803217 0.758547487 0 0 0 -0.758547487 0 0 1.707803217 -0.758547487 1.707803217 0 -0.09586668283 4.163336342e-17 0 -1.387778781e-17 -0.09586668283 0 0 0 0.07702100992
# exciton 4
0 0 -0.3048497516 0 0 -0.2388549075 -0.3048497516 -0.2388549075 0 0 0 0.2388549075 0 0 -0.3048497516 0.2388549075 -0.3048497516 0 -0.1833223917 3.122502257e-16 0 -3.122502257e-16 -0.1833223917 0 0 0 -1.558201301
