# exciton 0
0 0 -0.1686098744 0 0 0.1518260531 -0.1686098744 0.1518260531 0 0 0 -0.1518260531 0 0 -0.1686098744 -0.1518260531 -0.1686098744 0 0.6826707613 -3.729655473e-17 0 3.729655473e-17 0.6826707613 0 0 0 0.6980838038
# exciton 1
0 0 0.06847890756 0 0 0.8150513194 0.06847890756 0.8150513194 0 0 0 -0.8150513194 0 0 0.06847890756 -0.8150513194 0.06847890756 0 -0.5984466527 -2.081668171e-17 0 2.081668171e-17 -0.5984466527 0 0 0 -0.1373614994
# exciton 2
0 0 -0.02720470209 0 0 -0.03808240232 -0.02720470209 -0.03808240232 0 0 0 0.03808240232 0 0 -0.02720470209 0.03808240232 -0.02720470209 0 -1.760613023 -5.898059818e-17 0 5.898059818e-17 -1.760613023 0 0 0 0.193397118
# exciton 3
0 0 -1.086199628 0 0 0.373935081 -1.086199628 0.373935081 0 0 0 -0.373935081 0 0 -1.086199628 -0.373935081 -1.086199628 0 0.003734249968 -1.249000903e-16 0 1.249000903e-16 0.003734249968 0 0 0 0.09975628026
# exciton 4
0 0 0.6431332481 0 0 -1.09414862 0.6431332481 -1.09414862 0 0 0 1.09414862 0 0 0.6431332481 1.09414862 0.6431332481 0 0.09571174279 9.714451465e-17 0 -9.714451465e-17 0.09571174279 0 0 0 0.3229314765
