# exciton 0
0 0 -0.09587444293 0 0 0.009665044144 -0.09587444293 0.009665044144 0 0 0 -0.009665044144 0 0 -0.09587444293 -0.009665044144 -0.09587444293 0 1.721106938 6.505213035e-18 0 -6.505213035e-18 1.721106938 0 0 0 1.075293739
# exciton 1
0 0 -0.1608409599 0 0 -0.4999434026 -0.1608409599 -0.4999434026 0 0 0 0.4999434026 0 0 -0.1608409599 0.4999434026 -0.1608409599 0 -0.3281157525 -2.081668171e-17 0 2.081668171e-17 -0.3281157525 0 0 0 -1.590533303
# exciton 2
0 0 0.3030271688 0 0 0.5850474426 0.3030271688 0.5850474426 0 0 0 -0.5850474426 0 0 0.3030271688 -0.5850474426 0.3030271688 0 -0.001053429905 0 0 0 -0.001053429905 0 0 0 -0.001844918757
# exciton 3
0 0 1.415477635 0 0 -0.3483694179 1.415477635 -0.3483694179 0 0 0 0.3483694179 0 0 1.415477635 0.3483694179 1.415477635 0 -0.02721758029 1.387778781e-17 0 -1.387778781e-17 -0.02721758029 0 0 0 0.02862116245
# exciton 4
0 0 0.2747839665 0 0 -0.2646004571 0.2747839665 -0.2646004571 0 0 0 0.2646004571 0 0 0.2747839665 0.2646004571 0.2747839665 0 -0.2421796839 1.387778781e-17 0 -1.387778781e-17 -0.2421796839 0 0 0 -1.887114178
