# exciton 0
0 0 -0.05682623614 0 0 0.01858725779 -0.05682623614 0.01858725779 0 0 0 -0.01858725779 0 0 -0.05682623614 -0.01858725779 -0.05682623614 0 1.843959676 -1.387778781e-17 0 1.387778781e-17 1.843959676 0 0 0 1.034585631
# exciton 1
0 0 0.2906076642 0 0 0.3892382158 0.2906076642 0.3892382158 0 0 0 -0.3892382158 0 0 0.2906076642 -0.3892382158 0.2906076642 0 -0.7221238917 -1.110223025e-16 0 1.110223025e-16 -0.7221238917 0 0 0 -2.131206454
# exciton 2
0 0 0.5121403794 0 0 0.4410705615 0.5121403794 0.4410705615 0 0 0 -0.4410705615 0 0 0.5121403794 -0.4410705615 0.5121403794 0 -0.7004844898 -1.110223025e-16 0 1.110223025e-16 -0.7004844898 0 0 0 -0.6182671157
# exciton 3
0 0 0.242935563 0 0 -1.173576872 0.242935563 -1.173576872 0 0 0 1.173576872 0 0 0.242935563 1.173576872 0.242935563 0 -0.1786091033 -2.081668171e-17 0 2.081668171e-17 -0.1786091033 0 0 0 -0.005216247877
# exciton 4
0 0 0.3678491084 0 0 -0.4199872835 0.3678491084 -0.4199872835 0 0 0 0.4199872835 0 0 0.3678491084 0.4199872835 0.3678491084 0 0.08659881639 -7.285838599e-17 0 7.285838599e-17 0.08659881639 0 0 0 -1.236294987
