# exciton 0
0 0 -0.1406821284 0 0 -0.00965130491 -0.1406821284 -0.00965130491 0 0 0 0.00965130491 0 0 -0.1406821284 0.00965130491 -0.1406821284 0 0.9426006734 -1.561251128e-17 0 1.561251128e-17 0.9426006734 0 0 0 0.7286983086
# exciton 1
0 0 -0.1444923656 0 0 0.7252027646 -0.1444923656 0.7252027646 0 0 0 -0.7252027646 0 0 -0.1444923656 -0.7252027646 -0.1444923656 0 -0.02419098219 -1.387778781e-17 0 1.387778781e-17 -0.02419098219 0 0 0 -0.05252160539
# exciton 2
0 0 0.1122897119 0 0 -0.2339938335 0.1122897119 -0.2339938335 0 0 0 0.2339938335 0 0 0.1122897119 0.2339938335 0.1122897119 0 -1.358055591 -6.938893904e-18 0 6.938893904e-18 -1.358055591 0 0 0 0.2183451538
# exciton 3
0 0 -0.256532248 0 0 0.6005559174 -0.256532248 0.6005559174 0 0 0 -0.6005559174 0 0 -0.256532248 -0.6005559174 -0.256532248 0 0.1837195651 0 0 0 0.1837195651 0 0 0 0.2673289855
# exciton 4
0 0 0.5346674645 0 0 -1.207947045 0.5346674645 -1.207947045 0 0 0 1.207947045 0 0 0.5346674645 1.207947045 0.5346674645 0 -0.6137220673 -8.326672685e-17 0 8.326672685e-17 -0.6137220673 0 0 0 0.437747174
