# exciton 0
0 0 0.1076347443 0 0 -0.02954343343 0.1076347443 -0.02954343343 0 0 0 0.02954343343 0 0 0.1076347443 0.02954343343 0.1076347443 0 -1.650665828 -4.33680869e-18 0 4.33680869e-18 -1.650665828 0 0 0 -1.102357725
# exciton 1
0 0 -0.2156473003 0 0 0.03335842576 -0.2156473003 0.03335842576 0 0 0 -0.03335842576 0 0 -0.2156473003 -0.03335842576 -0.2156473003 0 1.014652107 -6.938893904e-17 0 6.938893904e-17 1.014652107 0 0 0 2.122450738
# exciton 2
0 0 -0.5454428857 0 0 0.297530932 -0.5454428857 0.297530932 0 0 0 -0.297530932 0 0 -0.5454428857 -0.297530932 -0.5454428857 0 0.1995971994 -4.857225733e-17 0 4.857225733e-17 0.1995971994 0 0 0 0.8050630434
# exciton 3
0 0 0.03912472882 0 0 -1.255044233 0.03912472882 -1.255044233 0 0 0 1.255044233 0 0 0.03912472882 1.255044233 0.03912472882 0 0.7661857526 -2.775557562e-17 0 2.775557562e-17 0.7661857526 0 0 0 -0.8250975475
# exciton 4
0 0 0.1164548111 0 0 0.5154333019 0.1164548111 0.5154333019 0 0 0 -0.5154333019 0 0 0.1164548111 -0.5154333019 0.1164548111 0 -0.0638681144 -2.081668171e-17 0 2.081668171e-17 -0.0638681144 0 0 0 1.065695107
