# exciton 0
0 0 0.2158316512 0 0 -0.02891353996 0.2158316512 -0.02891353996 0 0 0 0.02891353996 0 0 0.2158316512 0.02891353996 0.2158316512 0 -1.325452508 3.469446952e-18 0 -3.469446952e-18 -1.325452508 0 0 0 -1.153535298
# exciton 1
0 0 0.5657678979 0 0 -0.6450431729 0.5657678979 -0.6450431729 0 0 0 0.6450431729 0 0 0.5657678979 0.6450431729 0.5657678979 0 0.1366759307 0 0 0 0.1366759307 0 0 0 0.4561902698
# exciton 2
0 0 -0.3049624261 0 0 0.3719261337 -0.3049624261 0.3719261337 0 0 0 -0.3719261337 0 0 -0.3049624261 -0.3719261337 -0.3049624261 0 -0.0893333877 -2.775557562e-17 0 2.775557562e-17 -0.0893333877 0 0 0 -0.06536753303
# exciton 3
0 0 -1.407959549 0 0 0.1469654841 -1.407959549 0.1469654841 0 0 0 -0.1469654841 0 0 -1.407959549 -0.1469654841 -1.407959549 0 -0.03330315752 2.775557562e-17 0 -2.775557562e-17 -0.03330315752 0 0 0 -0.3493678912
# exciton 4
0 0 0.1059218998 0 0 -0.2680098749 0.1059218998 -0.2680098749 0 0 0 0.2680098749 0 0 0.1059218998 0.2680098749 0.1059218998 0 1.008764164 9.714451465e-17 0 -9.714451465e-17 1.008764164 0 0 0 0.5894175616
