# exciton 0
0 0 -0.1812089927 0 0 -0.08771644102 -0.1812089927 -0.08771644102 0 0 0 0.08771644102 0 0 -0.1812089927 0.08771644102 -0.1812089927 0 0.3593439145 1.734723476e-18 0 -1.734723476e-18 0.3593439145 0 0 0 0.5751923651
# exciton 1
0 0 -0.5212363214 0 0 -0.6590323601 -0.5212363214 -0.6590323601 0 0 0 0.6590323601 0 0 -0.5212363214 0.6590323601 -0.5212363214 0 0.766119374 -2.775557562e-17 0 2.775557562e-17 0.766119374 0 0 0 0.3876382174
# exciton 2
0 0 0.1162098946 0 0 -0.1878368969 0.1162098946 -0.1878368969 0 0 0 0.1878368969 0 0 0.1162098946 0.1878368969 0.1162098946 0 0.4013714082 -4.857225733e-17 0 4.857225733e-17 0.4013714082 0 0 0 0.3242529501
# exciton 3
0 0 0.1006515178 0 0 0.3178623622 0.1006515178 0.3178623622 0 0 0 -0.3178623622 0 0 0.1006515178 -0.3178623622 0.1006515178 0 -0.9696493753 2.775557562e-17 0 -2.775557562e-17 -0.9696493753 0 0 0 2.85502603
# exciton 4
0 0 -0.2286200486 0 0 0.704352666 -0.2286200486 0.704352666 0 0 0 -0.704352666 0 0 -0.2286200486 -0.704352666 -0.2286200486 0 -1.32966325 1.804112415e-16 0 -1.804112415e-16 -1.32966325 0 0 0 0.3789121091
