# exciton 0
0 0 -0.08324809453 0 0 0.0480766097 -0.08324809453 0.0480766097 0 0 0 -0.0480766097 0 0 -0.08324809453 -0.0480766097 -0.08324809453 0 1.713460962 -3.512815039e-17 0 3.512815039e-17 1.713460962 0 0 0 1.016541575
# exciton 1
0 0 0.2000491919 0 0 0.6628039697 0.2000491919 0.6628039697 0 0 0 -0.6628039697 0 0 0.2000491919 -0.6628039697 0.2000491919 0 -0.6884982333 -8.67361738e-17 0 8.67361738e-17 -0.6884982333 0 0 0 -1.665439954
# exciton 2
0 0 0.3032558756 0 0 0.355104021 0.3032558756 0.355104021 0 0 0 -0.355104021 0 0 0.3032558756 -0.355104021 0.3032558756 0 -1.163081609 -1.144917494e-16 0 1.144917494e-16 -1.163081609 0 0 0 -0.1981604785
# exciton 3
0 0 0.05780961732 0 0 -0.8559857325 0.05780961732 -0.8559857325 0 0 0 0.8559857325 0 0 0.05780961732 0.8559857325 0.05780961732 0 -0.0203664682 -2.428612866e-17 0 2.428612866e-17 -0.0203664682 0 0 0 -0.1292110593
# exciton 4
0 0 0.4723112902 0 0 -0.9110921018 0.4723112902 -0.9110921018 0 0 0 0.9110921018 0 0 0.4723112902 0.9110921018 0.4723112902 0 -0.01416833359 -8.326672685e-17 0 8.326672685e-17 -0.01416833359 0 0 0 -0.835560343
