# exciton 0
0 0 -0.1191491631 0 0 0.09080201339 -0.1191491631 0.09080201339 0 0 0 -0.09080201339 0 0 -0.1191491631 -0.09080201339 -0.1191491631 0 0.2509907345 -3.209238431e-17 0 1.82145965e-17 0.2509907345 0 0 0 0.424050622
# exciton 1
0 0 -0.09486108509 0 0 -0.06171158463 -0.09486108509 -0.06171158463 0 0 0 0.06171158463 0 0 -0.09486108509 0.06171158463 -0.09486108509 0 -1.475090915 -4.857225733e-17 0 4.857225733e-17 -1.475090915 0 0 0 0.3964627857
# exciton 2
0 0 0.1848075892 0 0 -0.03617346238 0.1848075892 -0.03617346238 0 0 0 0.03617346238 0 0 0.1848075892 0.03617346238 0.1848075892 0 -1.102606189 -1.283695372e-16 0 1.006139616e-16 -1.102606189 0 0 0 -0.6130319163
# exciton 3
0 0 -0.5920374581 0 0 -0.02857128417 -0.5920374581 -0.02857128417 0 0 0 0.02857128417 0 0 -0.5920374581 0.02857128417 -0.5920374581 0 0.6413133283 4.163336342e-17 0 -4.163336342e-17 0.6413133283 0 0 0 -1.905039696
# exciton 4
0 0 -0.4157406823 0 0 0.3654293052 -0.4157406823 0.3654293052 0 0 0 -0.3654293052 0 0 -0.4157406823 -0.3654293052 -0.4157406823 0 0.003377926042 2.359223927e-16 0 -2.359223927e-16 0.003377926042 0 0 0 1.649742592
