# exciton 0
0 0 0.1400267731 0 0 0.06183521944 0.1400267731 0.06183521944 0 0 0 -0.06183521944 0 0 0.1400267731 -0.06183521944 0.1400267731 0 -1.100107397 2.688821388e-17 0 -2.688821388e-17 -1.100107397 0 0 0 -0.9352493098
# exciton 1
0 0 0.4283527868 0 0 -0.3866112255 0.4283527868 -0.3866112255 0 0 0 0.3866112255 0 0 0.4283527868 0.3866112255 0.4283527868 0 0.7901821511 0 0 0 0.7901821511 0 0 0 0.9219854151
# exciton 2
0 0 0.3378567648 0 0 0.2259921269 0.3378567648 0.2259921269 0 0 0 -0.2259921269 0 0 0.3378567648 -0.2259921269 0.3378567648 0 -0.1986343479 0 0 0 -0.1986343479 0 0 0 -1.005838454
# exciton 3
0 0 -0.7419569896 0 0 0.1777732621 -0.7419569896 0.1777732621 0 0 0 -0.1777732621 0 0 -0.7419569896 -0.1777732621 -0.7419569896 0 0.9707171161 -2.775557562e-17 0 2.775557562e-17 0.9707171161 0 0 0 -1.452719927
# exciton 4
0 0 0.4725250861 0 0 0.2382132678 0.4725250861 0.2382132678 0 0 0 -0.2382132678 0 0 0.4725250861 -0.2382132678 0.4725250861 0 0.2377718896 1.665334537e-16 0 -1.665334537e-16 0.2377718896 0 0 0 1.383361873
