# exciton 0
0 0 0.1447360858 0 0 -0.1013579408 0.1447360858 -0.1013579408 0 0 0 0.1013579408 0 0 0.1447360858 0.1013579408 0.1447360858 0 -0.3733990962 -1.799775606e-17 0 1.799775606e-17 -0.3733990962 0 0 0 -0.5963952066
# exciton 1
0 0 0.09274226895 0 0 -0.2755409089 0.09274226895 -0.2755409089 0 0 0 0.2755409089 0 0 0.09274226895 0.2755409089 0.09274226895 0 1.735100887 -5.204170428e-17 0 5.204170428e-17 1.735100887 0 0 0 0.2029958323
# exciton 2
0 0 -0.2445355819 0 0 -0.3463290342 -0.2445355819 -0.3463290342 0 0 0 0.3463290342 0 0 -0.2445355819 0.3463290342 -0.2445355819 0 0.3804212118 -7.979727989e-17 0 7.979727989e-17 0.3804212118 0 0 0 0.7649092855
# exciton 3
0 0 -0.3832930207 0 0 -0.4228232944 -0.3832930207 -0.4228232944 0 0 0 0.4228232944 0 0 -0.3832930207 0.4228232944 -0.3832930207 0 -0.8304156087 6.938893904e-18 0 -6.938893904e-18 -0.8304156087 0 0 0 2.736161186
# exciton 4
0 0 0.4595206384 0 0 1.317999757 0.4595206384 1.317999757 0 0 0 -1.317999757 0 0 0.4595206384 -1.317999757 0.4595206384 0 -0.4770246274 8.67361738e-17 0 -8.67361738e-17 -0.4770246274 0 0 0 -0.3069590893
