# exciton 0
0 0 -0.2696190094 0 0 0.0002498909619 -0.2696190094 0.0002498909619 0 0 0 -0.0002498909619 0 0 -0.2696190094 -0.0002498909619 -0.2696190094 0 0.8569473567 2.081668171e-17 0 -2.775557562e-17 0.8569473567 0 0 0 1.06460729
# exciton 1
0 0 -0.7195581276 0 0 -0.8008631747 -0.7195581276 -0.8008631747 0 0 0 0.8008631747 0 0 -0.7195581276 0.8008631747 -0.7195581276 0 0.06741872318 0 0 0 0.06741872318 0 0 0 0.07167342554
# exciton 2
0 0 0.136077247 0 0 0.2306473916 0.136077247 0.2306473916 0 0 0 -0.2306473916 0 0 0.136077247 -0.2306473916 0.136077247 0 0.4048253572 -2.081668171e-17 0 4.857225733e-17 0.4048253572 0 0 0 0.350375705
# exciton 3
0 0 1.367670331 0 0 0.3930370237 1.367670331 0.3930370237 0 0 0 -0.3930370237 0 0 1.367670331 -0.3930370237 1.367670331 0 -0.1693870634 2.775557562e-17 0 -2.775557562e-17 -0.1693870634 0 0 0 0.8615057206
# exciton 4
0 0 -0.05348286279 0 0 0.1334515689 -0.05348286279 0.1334515689 0 0 0 -0.1334515689 0 0 -0.05348286279 -0.1334515689 -0.05348286279 0 -0.9001019017 2.220446049e-16 0 -2.220446049e-16 -0.9001019017 0 0 0 -0.8546449193
