# exciton 0
0 0 0.20609404 0 0 -0.1285282696 0.20609404 -0.1285282696 0 0 0 0.1285282696 0 0 0.20609404 0.1285282696 0.20609404 0 -0.9732746849 3.469446952e-18 0 -3.469446952e-18 -0.9732746849 0 0 0 -0.9140205077
# exciton 1
0 0 0.6088736869 0 0 -0.1333351677 0.6088736869 -0.1333351677 0 0 0 0.1333351677 0 0 0.6088736869 0.1333351677 0.6088736869 0 -0.1097129468 0 0 0 -0.1097129468 0 0 0 -0.3877636146
# exciton 2
0 0 -0.3465691294 0 0 -0.1717882137 -0.3465691294 -0.1717882137 0 0 0 0.1717882137 0 0 -0.3465691294 0.1717882137 -0.3465691294 0 0.390308926 1.387778781e-17 0 -1.387778781e-17 0.390308926 0 0 0 0.05597770032
# exciton 3
0 0 -0.2251000856 0 0 0.4744325839 -0.2251000856 0.4744325839 0 0 0 -0.4744325839 0 0 -0.2251000856 -0.4744325839 -0.2251000856 0 0.3046099344 5.551115123e-17 0 -5.551115123e-17 0.3046099344 0 0 0 -1.448368388
# exciton 4
0 0 0.5343660031 0 0 -0.3856720246 0.5343660031 -0.3856720246 0 0 0 0.3856720246 0 0 0.5343660031 0.3856720246 0.5343660031 0 1.846901794 -4.163336342e-17 0 4.163336342e-17 1.846901794 0 0 0 -1.684997383
