# exciton 0
0 0 -0.2264440255 0 0 -0.09163535956 -0.2264440255 -0.09163535956 0 0 0 0.09163535956 0 0 -0.2264440255 0.09163535956 -0.2264440255 0 0.5210526415 1.734723476e-17 0 -1.734723476e-17 0.5210526415 0 0 0 0.7656393663
# exciton 1
0 0 -0.6314671184 0 0 -0.678665283 -0.6314671184 -0.678665283 0 0 0 0.678665283 0 0 -0.6314671184 0.678665283 -0.6314671184 0 0.5367383101 -1.387778781e-17 0 1.387778781e-17 0.5367383101 0 0 0 0.4470038765
# exciton 2
0 0 0.1867704807 0 0 -0.1305790212 0.1867704807 -0.1305790212 0 0 0 0.1305790212 0 0 0.1867704807 0.1305790212 0.1867704807 0 0.3256369208 -3.469446952e-17 0 3.469446952e-17 0.3256369208 0 0 0 0.2250093878
# exciton 3
0 0 0.2746087224 0 0 0.3828701889 0.2746087224 0.3828701889 0 0 0 -0.3828701889 0 0 0.2746087224 -0.3828701889 0.2746087224 0 -0.8250687052 2.775557562e-17 0 -2.775557562e-17 -0.8250687052 0 0 0 2.524607978
# exciton 4
0 0 -0.3600895877 0 0 0.5136146972 -0.3600895877 0.5136146972 0 0 0 -0.5136146972 0 0 -0.3600895877 -0.5136146972 -0.3600895877 0 -1.491419464 1.665334537e-16 0 -1.665334537e-16 -1.491419464 0 0 0 0.6048548117
