# exciton 0
0 0 0.1191491631 0 0 0.09080201339 0.1191491631 0.09080201339 0 0 0 -0.09080201339 0 0 0.1191491631 -0.09080201339 0.1191491631 0 -0.2509907345 -3.252606517e-17 0 3.252606517e-17 -0.2509907345 0 0 0 -0.424050622
# exciton 1
0 0 0.09486108509 0 0 -0.06171158463 0.09486108509 -0.06171158463 0 0 0 0.06171158463 0 0 0.09486108509 0.06171158463 0.09486108509 0 1.475090915 -5.551115123e-17 0 5.551115123e-17 1.475090915 0 0 0 -0.3964627857
# exciton 2
0 0 -0.1848075892 0 0 -0.03617346238 -0.1848075892 -0.03617346238 0 0 0 0.03617346238 0 0 -0.1848075892 0.03617346238 -0.1848075892 0 1.102606189 -1.249000903e-16 0 1.249000903e-16 1.102606189 0 0 0 0.6130319163
# exciton 3
0 0 0.5920374581 0 0 -0.02857128417 0.5920374581 -0.02857128417 0 0 0 0.02857128417 0 0 0.5920374581 0.02857128417 0.5920374581 0 -0.6413133283 5.551115123e-17 0 -5.551115123e-17 -0.6413133283 0 0 0 1.905039696
# exciton 4
0 0 0.4157406823 0 0 0.3654293052 0.4157406823 0.3654293052 0 0 0 -0.3654293052 0 0 0.4157406823 -0.3654293052 0.4157406823 0 -0.003377926042 2.567390744e-16 0 -2.567390744e-16 -0.003377926042 0 0 0 -1.649742592
