# exciton 0
0 0 0.0300799317 0 0 -0.002636365553 0.0300799317 -0.002636365553 0 0 0 0.002636365553 0 0 0.0300799317 0.002636365553 0.0300799317 0 -0.3234860646 1.734723476e-18 0 -1.734723476e-18 -0.3234860646 0 0 0 -0.318157829
# exciton 1
0 0 0.2144960547 0 0 0.1924417663 0.2144960547 0.1924417663 0 0 0 -0.1924417663 0 0 0.2144960547 -0.1924417663 0.2144960547 0 0.8166065071 4.163336342e-17 0 -4.163336342e-17 0.8166065071 0 0 0 0.6454857568
# exciton 2
0 0 0.5384144017 0 0 -0.3670660584 0.5384144017 -0.3670660584 0 0 0 0.3670660584 0 0 0.5384144017 0.3670660584 0.5384144017 0 -0.4707616058 3.469446952e-17 0 -3.469446952e-17 -0.4707616058 0 0 0 -1.015052259
# exciton 3
0 0 0.1542321234 0 0 0.6988566937 0.1542321234 0.6988566937 0 0 0 -0.6988566937 0 0 0.1542321234 -0.6988566937 0.1542321234 0 1.440259957 2.775557562e-17 0 -2.775557562e-17 1.440259957 0 0 0 -2.029139431
# exciton 4
0 0 1.302487377 0 0 0.07632203018 1.302487377 0.07632203018 0 0 0 -0.07632203018 0 0 1.302487377 -0.07632203018 1.302487377 0 0.3773540267 5.551115123e-17 0 -5.551115123e-17 0.3773540267 0 0 0 -0.1608697056
