# exciton 0
0 0 -0.1344009908 0 0 -0.1498563037 -0.1344009908 -0.1498563037 0 0 0 0.1498563037 0 0 -0.1344009908 0.1498563037 -0.1344009908 0 0.4445942542 -8.67361738e-19 0 8.67361738e-19 0.4445942542 0 0 0 0.6212252336
# exciton 1
0 0 0.01854543863 0 0 -0.2367619134 0.01854543863 -0.2367619134 0 0 0 0.2367619134 0 0 0.01854543863 0.2367619134 0.01854543863 0 -1.564970327 -4.857225733e-17 0 4.857225733e-17 -1.564970327 0 0 0 -0.7028868952
# exciton 2
0 0 0.1207894479 0 0 -0.4579133033 0.1207894479 -0.4579133033 0 0 0 0.4579133033 0 0 0.1207894479 0.4579133033 0.1207894479 0 -0.14864463 -4.163336342e-17 0 4.163336342e-17 -0.14864463 0 0 0 -0.4843314402
# exciton 3
0 0 0.124119738 0 0 -0.3697974395 0.124119738 -0.3697974395 0 0 0 0.3697974395 0 0 0.124119738 0.3697974395 0.124119738 0 0.1302588359 4.163336342e-17 0 -4.163336342e-17 0.1302588359 0 0 0 -1.420404781
# exciton 4
0 0 -0.5622033678 0 0 1.41128294 -0.5622033678 1.41128294 0 0 0 -1.41128294 0 0 -0.5622033678 -1.41128294 -0.5622033678 0 0.4874555004 2.428612866e-17 0 -2.428612866e-17 0.4874555004 0 0 0 -0.09654027001
