# exciton 0
0 0 0.1412617755 0 0 -0.107668649 0.1412617755 -0.107668649 0 0 0 0.107668649 0 0 0.1412617755 0.107668649 0.1412617755 0 -0.5719516503 -9.168877501e-18 0 9.168877501e-18 -0.5719516503 0 0 0 -0.5395606671
# exciton 1
0 0 0.3709868369 0 0 0.3360276039 0.3709868369 0.3360276039 0 0 0 -0.3360276039 0 0 0.3709868369 -0.3360276039 0.3709868369 0 -0.3078484454 3.104185366e-17 0 -3.104185366e-17 -0.3078484454 0 0 0 -0.6500545541
# exciton 2
0 0 -0.3261617585 0 0 -0.4783408114 -0.3261617585 -0.4783408114 0 0 0 0.4783408114 0 0 -0.3261617585 0.4783408114 -0.3261617585 0 0.7584479766 3.011443618e-17 0 -3.011443618e-17 0.7584479766 0 0 0 0.1873191483
# exciton 3
0 0 0.01101371736 0 0 0.7424948105 0.01101371736 0.7424948105 0 0 0 -0.7424948105 0 0 0.01101371736 -0.7424948105 0.01101371736 0 -0.2879581963 1.784469269e-17 0 -1.784469269e-17 -0.2879581963 0 0 0 -0.3612184468
# exciton 4
0 0 -0.2473220316 0 0 -0.441757379 -0.2473220316 -0.441757379 0 0 0 0.441757379 0 0 -0.2473220316 0.441757379 -0.2473220316 0 1.077925459 -8.265647563e-17 0 8.265647563e-17 1.077925459 0 0 0 -1.116034618
