# exciton 0
0 0 -0.2287101838 0 0 -0.0831001187 -0.2287101838 -0.0831001187 0 0 0 0.0831001187 0 0 -0.2287101838 0.0831001187 -0.2287101838 0 0.9688775173 -8.239936511e-18 0 8.239936511e-18 0.9688775173 0 0 0 1.090839293
# exciton 1
0 0 -0.1028158132 0 0 -0.0335306903 -0.1028158132 -0.0335306903 0 0 0 0.0335306903 0 0 -0.1028158132 0.0335306903 -0.1028158132 0 -1.692795942 -1.110223025e-16 0 1.110223025e-16 -1.692795942 0 0 0 -0.9098973975
# exciton 2
0 0 0.4611193599 0 0 -0.1444387684 0.4611193599 -0.1444387684 0 0 0 0.1444387684 0 0 0.4611193599 0.1444387684 0.4611193599 0 -0.2376209741 -5.551115123e-17 0 5.551115123e-17 -0.2376209741 0 0 0 -0.9398545679
# exciton 3
0 0 -0.03199346401 0 0 -1.003354583 -0.03199346401 -1.003354583 0 0 0 1.003354583 0 0 -0.03199346401 1.003354583 -0.03199346401 0 -0.187416244 0 0 0 -0.187416244 0 0 0 -0.6335980159
# exciton 4
0 0 -0.6311534827 0 0 1.21929237 -0.6311534827 1.21929237 0 0 0 -1.21929237 0 0 -0.6311534827 -1.21929237 -0.6311534827 0 0.0345262897 6.938893904e-18 0 -6.938893904e-18 0.0345262897 0 0 0 0.1647893862
