# exciton 0
0 0 0.1925852482 0 0 -0.1517718234 0.1925852482 -0.1517718234 0 0 0 0.1517718234 0 0 0.1925852482 0.1517718234 0.1925852482 0 -0.7034473059 6.071532166e-18 0 8.67361738e-19 -0.7034473059 0 0 0 -0.7408556709
# exciton 1
0 0 0.6089470337 0 0 -0.098574443 0.6089470337 -0.098574443 0 0 0 0.098574443 0 0 0.6089470337 0.098574443 0.6089470337 0 -0.2838932041 0 0 0 -0.2838932041 0 0 0 -0.7087597003
# exciton 2
0 0 -0.3448075393 0 0 -0.3641366571 -0.3448075393 -0.3641366571 0 0 0 0.3641366571 0 0 -0.3448075393 0.3641366571 -0.3448075393 0 0.3565298994 1.387778781e-17 0 -2.081668171e-17 0.3565298994 0 0 0 0.1040876328
# exciton 3
0 0 -0.005135663841 0 0 0.5664428213 -0.005135663841 0.5664428213 0 0 0 -0.5664428213 0 0 -0.005135663841 -0.5664428213 -0.005135663841 0 0.3149651226 8.326672685e-17 0 -8.326672685e-17 0.3149651226 0 0 0 -1.595160311
# exciton 4
0 0 0.448424656 0 0 -0.1058215503 0.448424656 -0.1058215503 0 0 0 0.1058215503 0 0 0.448424656 0.1058215503 0.448424656 0 1.812414383 -5.551115123e-17 0 4.163336342e-17 1.812414383 0 0 0 -1.846291382
