# exciton 0
0 0 0.05600343661 0 0 0.04982095532 0.05600343661 0.04982095532 0 0 0 -0.04982095532 0 0 0.05600343661 -0.04982095532 0.05600343661 0 -0.4348207154 6.938893904e-18 0 -6.938893904e-18 -0.4348207154 0 0 0 -0.4291313684
# exciton 1
0 0 0.3758645245 0 0 0.1151052465 0.3758645245 0.1151052465 0 0 0 -0.1151052465 0 0 0.3758645245 -0.1151052465 0.3758645245 0 0.781277365 -1.387778781e-17 0 1.387778781e-17 0.781277365 0 0 0 0.4831949072
# exciton 2
0 0 0.5485907149 0 0 -0.218396966 0.5485907149 -0.218396966 0 0 0 0.218396966 0 0 0.5485907149 0.218396966 0.5485907149 0 -0.5006393592 2.081668171e-17 0 -2.081668171e-17 -0.5006393592 0 0 0 -1.139992458
# exciton 3
0 0 -0.2192921142 0 0 0.7170063355 -0.2192921142 0.7170063355 0 0 0 -0.7170063355 0 0 -0.2192921142 -0.7170063355 -0.2192921142 0 1.280477572 -2.775557562e-17 0 2.775557562e-17 1.280477572 0 0 0 -1.8506335
# exciton 4
0 0 1.217990349 0 0 -0.02042539229 1.217990349 -0.02042539229 0 0 0 0.02042539229 0 0 1.217990349 0.02042539229 1.217990349 0 0.4780693074 1.110223025e-16 0 -1.110223025e-16 0.4780693074 0 0 0 0.0661634062
