# exciton 0
0 0 -0.1515871635 0 0 -0.1150418738 -0.1515871635 -0.1150418738 0 0 0 0.1150418738 0 0 -0.1515871635 0.1150418738 -0.1515871635 0 0.6383995806 -1.734723476e-18 0 5.204170428e-18 0.6383995806 0 0 0 0.5989993791
# exciton 1
0 0 -0.4153988721 0 0 0.2943962724 -0.4153988721 0.2943962724 0 0 0 -0.2943962724 0 0 -0.4153988721 -0.2943962724 -0.4153988721 0 0.2717284302 3.6429193e-17 0 -3.6429193e-17 0.2717284302 0 0 0 0.6339139512
# exciton 2
0 0 0.3204412717 0 0 -0.4516554949 0.3204412717 -0.4516554949 0 0 0 0.4516554949 0 0 0.3204412717 0.4516554949 0.3204412717 0 -0.7341720596 3.816391647e-17 0 -3.816391647e-17 -0.7341720596 0 0 0 -0.1466081695
# exciton 3
0 0 -0.0143969248 0 0 0.7115784008 -0.0143969248 0.7115784008 0 0 0 -0.7115784008 0 0 -0.0143969248 -0.7115784008 -0.0143969248 0 0.1761528712 5.204170428e-17 0 -5.204170428e-17 0.1761528712 0 0 0 0.5801357971
# exciton 4
0 0 0.1054343692 0 0 -0.454350583 0.1054343692 -0.454350583 0 0 0 0.454350583 0 0 0.1054343692 0.454350583 0.1054343692 0 -1.233019904 -7.112366252e-17 0 7.112366252e-17 -1.233019904 0 0 0 1.282735006
