# exciton 0
0 0 -0.2266511143 0 0 -0.04380512448 -0.2266511143 -0.04380512448 0 0 0 0.04380512448 0 0 -0.2266511143 0.04380512448 -0.2266511143 0 1.185525162 -1.127570259e-17 0 1.127570259e-17 1.185525162 0 0 0 1.177493461
# exciton 1
0 0 -0.07299955664 0 0 0.1090598661 -0.07299955664 0.1090598661 0 0 0 -0.1090598661 0 0 -0.07299955664 -0.1090598661 -0.07299955664 0 -1.608568646 -9.714451465e-17 0 9.714451465e-17 -1.608568646 0 0 0 -1.076870527
# exciton 2
0 0 0.5607057504 0 0 0.02292258797 0.5607057504 0.02292258797 0 0 0 -0.02292258797 0 0 0.5607057504 -0.02292258797 0.5607057504 0 -0.3579987288 -9.020562075e-17 0 9.020562075e-17 -0.3579987288 0 0 0 -1.043627234
# exciton 3
0 0 -0.01457433274 0 0 -1.196064711 -0.01457433274 -1.196064711 0 0 0 1.196064711 0 0 -0.01457433274 1.196064711 -0.01457433274 0 -0.16271061 -1.387778781e-17 0 1.387778781e-17 -0.16271061 0 0 0 -0.5592756202
# exciton 4
0 0 -0.4482992169 0 0 0.8973204042 -0.4482992169 0.8973204042 0 0 0 -0.8973204042 0 0 -0.4482992169 -0.8973204042 -0.4482992169 0 -3.543360348e-06 0 0 0 -3.543360348e-06 0 0 0 0.0003942399483
