# exciton 0
0 0 -0.09487057514 0 0 -0.1416879846 -0.09487057514 -0.1416879846 0 0 0 0.1416879846 0 0 -0.09487057514 0.1416879846 -0.09487057514 0 0.2429929622 -5.854691731e-18 0 5.854691731e-18 0.2429929622 0 0 0 0.2615202843
# exciton 1
0 0 -0.3546811794 0 0 0.1448556877 -0.3546811794 0.1448556877 0 0 0 -0.1448556877 0 0 -0.3546811794 -0.1448556877 -0.3546811794 0 0.6012300397 -6.938893904e-18 0 6.938893904e-18 0.6012300397 0 0 0 0.9244233906
# exciton 2
0 0 0.3887282473 0 0 -0.5928806742 0.3887282473 -0.5928806742 0 0 0 0.5928806742 0 0 0.3887282473 0.5928806742 0.3887282473 0 -0.444503009 3.6429193e-17 0 -3.6429193e-17 -0.444503009 0 0 0 -0.3707478918
# exciton 3
0 0 0.1031691887 0 0 0.6583181715 0.1031691887 0.6583181715 0 0 0 -0.6583181715 0 0 0.1031691887 -0.6583181715 0.1031691887 0 0.458554387 -4.163336342e-17 0 4.163336342e-17 0.458554387 0 0 0 0.1484255924
# exciton 4
0 0 0.3696683739 0 0 0.1509427933 0.3696683739 0.1509427933 0 0 0 -0.1509427933 0 0 0.3696683739 -0.1509427933 0.3696683739 0 -0.9595853328 -4.510281038e-17 0 4.510281038e-17 -0.9595853328 0 0 0 1.004851622
