# exciton 0
0 0 0.04985733562 0 0 -0.0235185152 0.04985733562 -0.0235185152 0 0 0 0.0235185152 0 0 0.04985733562 0.0235185152 0.04985733562 0 -1.780207369 -1.561251128e-17 0 1.561251128e-17 -1.780207369 0 0 0 -0.9463932612
# exciton 1
0 0 -0.01706311267 0 0 0.263688092 -0.01706311267 0.263688092 0 0 0 -0.263688092 0 0 -0.01706311267 -0.263688092 -0.01706311267 0 0.1748215491 -5.551115123e-17 0 5.551115123e-17 0.1748215491 0 0 0 1.455133897
# exciton 2
0 0 -0.3299799342 0 0 0.3550026127 -0.3299799342 0.3550026127 0 0 0 -0.3550026127 0 0 -0.3299799342 -0.3550026127 -0.3299799342 0 0.8197347707 -2.775557562e-17 0 2.775557562e-17 0.8197347707 0 0 0 0.04519161582
# exciton 3
0 0 -0.6275962972 0 0 -0.3092147925 -0.6275962972 -0.3092147925 0 0 0 0.3092147925 0 0 -0.6275962972 0.3092147925 -0.6275962972 0 -0.056688213 5.551115123e-17 0 -5.551115123e-17 -0.056688213 0 0 0 -0.1531025319
# exciton 4
0 0 -0.2112370608 0 0 -1.116212484 -0.2112370608 -1.116212484 0 0 0 1.116212484 0 0 -0.2112370608 1.116212484 -0.2112370608 0 0.71679766 -1.110223025e-16 0 1.110223025e-16 0.71679766 0 0 0 0.3801563932
