# exciton 0
0 0 0.08144838607 0 0 -0.0944331725 0.08144838607 -0.0944331725 0 0 0 0.0944331725 0 0 0.08144838607 0.0944331725 0.08144838607 0 -0.2107212934 -8.67361738e-18 0 1.734723476e-18 -0.2107212934 0 0 0 -0.2115090981
# exciton 1
0 0 0.205478103 0 0 0.319234538 0.205478103 0.319234538 0 0 0 -0.319234538 0 0 0.205478103 -0.319234538 0.205478103 0 -0.5607628879 2.081668171e-17 0 -2.081668171e-17 -0.5607628879 0 0 0 -0.7802735105
# exciton 2
0 0 -0.4099161919 0 0 -0.5618710953 -0.4099161919 -0.5618710953 0 0 0 0.5618710953 0 0 -0.4099161919 0.5618710953 -0.4099161919 0 0.625888485 4.857225733e-17 0 -3.469446952e-17 0.625888485 0 0 0 0.4805870316
# exciton 3
0 0 -0.1391982239 0 0 0.7703829042 -0.1391982239 0.7703829042 0 0 0 -0.7703829042 0 0 -0.1391982239 -0.7703829042 -0.1391982239 0 -0.7859212199 5.551115123e-17 0 -5.551115123e-17 -0.7859212199 0 0 0 0.5821052329
# exciton 4
0 0 -0.7410267279 0 0 -0.1162039405 -0.7410267279 -0.1162039405 0 0 0 0.1162039405 0 0 -0.7410267279 0.1162039405 -0.7410267279 0 0.5167803101 -4.857225733e-17 0 6.245004514e-17 0.5167803101 0 0 0 -0.5090832153
