# exciton 0
0 0 0.1462729302 0 0 -0.1600059592 0.1462729302 -0.1600059592 0 0 0 0.1600059592 0 0 0.1462729302 0.1600059592 0.1462729302 0 -0.4481123314 -8.67361738e-19 0 8.67361738e-19 -0.4481123314 0 0 0 -0.4939266379
# exciton 1
0 0 0.5117700433 0 0 0.007021861694 0.5117700433 0.007021861694 0 0 0 -0.007021861694 0 0 0.5117700433 -0.007021861694 0.5117700433 0 -0.471847198 -1.040834086e-17 0 1.040834086e-17 -0.471847198 0 0 0 -0.887883974
# exciton 2
0 0 -0.354588011 0 0 -0.5220598071 -0.354588011 -0.5220598071 0 0 0 0.5220598071 0 0 -0.354588011 0.5220598071 -0.354588011 0 0.3784166379 2.081668171e-17 0 -2.081668171e-17 0.3784166379 0 0 0 0.2046679189
# exciton 3
0 0 0.03867354245 0 0 0.6135733805 0.03867354245 0.6135733805 0 0 0 -0.6135733805 0 0 0.03867354245 -0.6135733805 0.03867354245 0 0.0455578042 -6.938893904e-18 0 6.938893904e-18 0.0455578042 0 0 0 -1.140968311
# exciton 4
0 0 0.1177112272 0 0 0.1038634256 0.1177112272 0.1038634256 0 0 0 -0.1038634256 0 0 0.1177112272 -0.1038634256 0.1177112272 0 1.491092593 -3.816391647e-17 0 4.510281038e-17 1.491092593 0 0 0 -1.588429806
