# exciton 0
0 0 0.1343349431 0 0 0.1379290362 0.1343349431 0.1379290362 0 0 0 -0.1379290362 0 0 0.1343349431 -0.1379290362 0.1343349431 0 -0.3010894164 -3.339342691e-17 0 2.645453301e-17 -0.3010894164 0 0 0 -0.4699443086
# exciton 1
0 0 0.05011186851 0 0 0.1420747782 0.05011186851 0.1420747782 0 0 0 -0.1420747782 0 0 0.05011186851 -0.1420747782 0.05011186851 0 1.283081029 -3.816391647e-17 0 3.816391647e-17 1.283081029 0 0 0 -0.3480747222
# exciton 2
0 0 -0.1397833792 0 0 0.009859103977 -0.1397833792 0.009859103977 0 0 0 -0.009859103977 0 0 -0.1397833792 -0.009859103977 -0.1397833792 0 1.314411983 -5.204170428e-17 0 7.979727989e-17 1.314411983 0 0 0 0.4550248918
# exciton 3
0 0 0.9672056958 0 0 0.09829490028 0.9672056958 0.09829490028 0 0 0 -0.09829490028 0 0 0.9672056958 -0.09829490028 0.9672056958 0 -0.3478355135 -2.081668171e-17 0 -3.469446952e-17 -0.3478355135 0 0 0 1.139803333
# exciton 4
0 0 0.259728293 0 0 -0.01904731218 0.259728293 -0.01904731218 0 0 0 0.01904731218 0 0 0.259728293 0.01904731218 0.259728293 0 0.06852739729 2.428612866e-16 0 -2.498001805e-16 0.06852739729 0 0 0 -1.657888281
