# exciton 0
0 0 -0.1572768164 0 0 -0.1110314571 -0.1572768164 -0.1110314571 0 0 0 0.1110314571 0 0 -0.1572768164 0.1110314571 -0.1572768164 0 0.9113896973 9.540979118e-18 0 -6.071532166e-18 0.9113896973 0 0 0 0.9068513082
# exciton 1
0 0 0.01300612279 0 0 -0.1373525193 0.01300612279 -0.1373525193 0 0 0 0.1373525193 0 0 0.01300612279 0.1373525193 0.01300612279 0 -1.346305007 -1.387778781e-17 0 1.387778781e-17 -1.346305007 0 0 0 -1.359696729
# exciton 2
0 0 0.04097618934 0 0 -0.2658558252 0.04097618934 -0.2658558252 0 0 0 0.2658558252 0 0 0.04097618934 0.2658558252 0.04097618934 0 -0.009959380543 -2.775557562e-17 0 1.387778781e-17 -0.009959380543 0 0 0 -0.08940359824
# exciton 3
0 0 -0.577008657 0 0 -0.526430163 -0.577008657 -0.526430163 0 0 0 0.526430163 0 0 -0.577008657 0.526430163 -0.577008657 0 -1.3227387 2.775557562e-17 0 -2.775557562e-17 -1.3227387 0 0 0 1.581692473
# exciton 4
0 0 -0.9234850393 0 0 1.223421668 -0.9234850393 1.223421668 0 0 0 -1.223421668 0 0 -0.9234850393 -1.223421668 -0.9234850393 0 -0.09003803698 0 0 1.387778781e-17 -0.09003803698 0 0 0 -0.04482681457
