# exciton 0
0 0 -0.1467326887 0 0 -0.0802994375 -0.1467326887 -0.0802994375 0 0 0 0.0802994375 0 0 -0.1467326887 0.0802994375 -0.1467326887 0 1.313135723 1.734723476e-18 0 -1.734723476e-18 1.313135723 0 0 0 0.9360071801
# exciton 1
0 0 -0.3614346323 0 0 0.2065541155 -0.3614346323 0.2065541155 0 0 0 -0.2065541155 0 0 -0.3614346323 -0.2065541155 -0.3614346323 0 -0.04751736397 0 0 0 -0.04751736397 0 0 0 -0.2651947646
# exciton 2
0 0 0.2831543851 0 0 -0.005617543054 0.2831543851 -0.005617543054 0 0 0 0.005617543054 0 0 0.2831543851 0.005617543054 0.2831543851 0 -0.7945372749 2.081668171e-17 0 -2.081668171e-17 -0.7945372749 0 0 0 0.06020326091
# exciton 3
0 0 0.315473555 0 0 0.2983154427 0.315473555 0.2983154427 0 0 0 -0.2983154427 0 0 0.315473555 -0.2983154427 0.315473555 0 -0.06023388709 2.775557562e-17 0 -2.775557562e-17 -0.06023388709 0 0 0 0.7631331641
# exciton 4
0 0 -0.2036449808 0 0 -0.9662973187 -0.2036449808 -0.9662973187 0 0 0 0.9662973187 0 0 -0.2036449808 0.9662973187 -0.2036449808 0 -1.422557878 -9.714451465e-17 0 9.714451465e-17 -1.422557878 0 0 0 1.03899565
