# exciton 0
0 0 -0.140888075 0 0 0.07825988372 -0.140888075 0.07825988372 0 0 0 -0.07825988372 0 0 -0.140888075 -0.07825988372 -0.140888075 0 1.482737442 -4.282598581e-17 0 4.629543277e-17 1.482737442 0 0 0 1.043079379
# exciton 1
0 0 0.08575148372 0 0 0.7938760541 0.08575148372 0.7938760541 0 0 0 -0.7938760541 0 0 0.08575148372 -0.7938760541 0.08575148372 0 -0.8615518115 -6.591949209e-17 0 7.979727989e-17 -0.8615518115 0 0 0 -1.165709661
# exciton 2
0 0 0.1788816849 0 0 0.2525473192 0.1788816849 0.2525473192 0 0 0 -0.2525473192 0 0 0.1788816849 -0.2525473192 0.1788816849 0 -1.419392583 -9.887923813e-17 0 8.500145032e-17 -1.419392583 0 0 0 -0.0258816967
# exciton 3
0 0 -0.2229052317 0 0 -0.678400516 -0.2229052317 -0.678400516 0 0 0 0.678400516 0 0 -0.2229052317 0.678400516 -0.2229052317 0 0.01777904404 2.949029909e-17 0 -2.949029909e-17 0.01777904404 0 0 0 -0.2030200017
# exciton 4
0 0 0.4497806945 0 0 -0.9614816946 0.4497806945 -0.9614816946 0 0 0 0.9614816946 0 0 0.4497806945 0.9614816946 0.4497806945 0 -0.005420517591 -6.071532166e-17 0 4.857225733e-17 -0.005420517591 0 0 0 -0.447685135
