# exciton 0
0 0 0.04030132929 0 0 -0.1724225588 0.04030132929 -0.1724225588 0 0 0 0.1724225588 0 0 0.04030132929 0.1724225588 0.04030132929 0 -0.1896845922 -2.106825093e-18 0 2.106825093e-18 -0.1896845922 0 0 0 -0.2704748481
# exciton 1
0 0 -0.1935761503 0 0 -0.2752913593 -0.1935761503 -0.2752913593 0 0 0 0.2752913593 0 0 -0.1935761503 0.2752913593 -0.1935761503 0 1.299202479 -3.798074757e-17 0 3.798074757e-17 1.299202479 0 0 0 0.7962268879
# exciton 2
0 0 0.07125541305 0 0 -0.5485369359 0.07125541305 -0.5485369359 0 0 0 0.5485369359 0 0 0.07125541305 0.5485369359 0.07125541305 0 0.08827241825 -1.623664837e-17 0 1.623664837e-17 0.08827241825 0 0 0 0.2024956539
# exciton 3
0 0 -0.1775718923 0 0 -0.01934086491 -0.1775718923 -0.01934086491 0 0 0 0.01934086491 0 0 -0.1775718923 0.01934086491 -0.1775718923 0 -0.2479511927 -1.784469269e-17 0 1.784469269e-17 -0.2479511927 0 0 0 1.675837268
# exciton 4
0 0 0.3222134782 0 0 1.240393336 0.3222134782 1.240393336 0 0 0 -1.240393336 0 0 0.3222134782 -1.240393336 0.3222134782 0 -0.8751646263 2.02064305e-17 0 -2.02064305e-17 -0.8751646263 0 0 0 0.6015667704
