# exciton 0
0 0 0.1110645751 0 0 -0.1795689898 0.1110645751 -0.1795689898 0 0 0 0.1795689898 0 0 0.1110645751 0.1795689898 0.1110645751 0 -0.2349688832 3.903127821e-18 0 -3.903127821e-18 -0.2349688832 0 0 0 -0.3074088568
# exciton 1
0 0 0.4837576325 0 0 -0.2367332137 0.4837576325 -0.2367332137 0 0 0 0.2367332137 0 0 0.4837576325 0.2367332137 0.4837576325 0 -0.7628326444 -6.245004514e-17 0 6.245004514e-17 -0.7628326444 0 0 0 -0.9218806659
# exciton 2
0 0 -0.2835526657 0 0 -0.5451293031 -0.2835526657 -0.5451293031 0 0 0 0.5451293031 0 0 -0.2835526657 0.5451293031 -0.2835526657 0 0.0812790961 3.469446952e-18 0 -1.040834086e-17 0.0812790961 0 0 0 0.0814642158
# exciton 3
0 0 0.1746011553 0 0 0.4150293852 0.1746011553 0.4150293852 0 0 0 -0.4150293852 0 0 0.1746011553 -0.4150293852 0.1746011553 0 0.3691288706 0 0 0 0.3691288706 0 0 0 -1.861877733
# exciton 4
0 0 0.159373102 0 0 0.658842191 0.159373102 0.658842191 0 0 0 -0.658842191 0 0 0.159373102 -0.658842191 0.159373102 0 1.500912133 6.938893904e-18 0 -6.938893904e-18 1.500912133 0 0 0 -1.479938947
