# exciton 0
0 0 -0.03908875202 0 0 -0.1405534572 -0.03908875202 -0.1405534572 0 0 0 0.1405534572 0 0 -0.03908875202 0.1405534572 -0.03908875202 0 0.1444037644 -1.127570259e-17 0 1.127570259e-17 0.1444037644 0 0 0 0.23273576
# exciton 1
0 0 0.131508999 0 0 -0.3865729819 0.131508999 -0.3865729819 0 0 0 0.3865729819 0 0 0.131508999 0.3865729819 0.131508999 0 -1.434322062 -7.632783294e-17 0 7.632783294e-17 -1.434322062 0 0 0 -0.440089704
# exciton 2
0 0 0.05337639881 0 0 -0.4435990866 0.05337639881 -0.4435990866 0 0 0 0.4435990866 0 0 0.05337639881 0.4435990866 0.05337639881 0 -0.2736240983 -6.591949209e-17 0 6.591949209e-17 -0.2736240983 0 0 0 -0.4844891776
# exciton 3
0 0 0.4075600605 0 0 -0.1048389378 0.4075600605 -0.1048389378 0 0 0 0.1048389378 0 0 0.4075600605 0.1048389378 0.4075600605 0 0.8600305789 2.775557562e-17 0 -2.775557562e-17 0.8600305789 0 0 0 -2.843559691
# exciton 4
0 0 -0.2081092318 0 0 1.26929276 -0.2081092318 1.26929276 0 0 0 -1.26929276 0 0 -0.2081092318 -1.26929276 -0.2081092318 0 0.9073175642 8.326672685e-17 0 -8.326672685e-17 0.9073175642 0 0 0 -0.320524986
