# exciton 0
0 0 0.2188820681 0 0 0.1008043283 0.2188820681 0.1008043283 0 0 0 -0.1008043283 0 0 0.2188820681 -0.1008043283 0.2188820681 0 -1.159983133 -3.996132115e-17 0 3.996132115e-17 -1.159983133 0 0 0 -1.091101834
# exciton 1
0 0 0.09628156196 0 0 0.7057178739 0.09628156196 0.7057178739 0 0 0 -0.7057178739 0 0 0.09628156196 -0.7057178739 0.09628156196 0 1.286187132 -6.966195974e-17 0 6.966195974e-17 1.286187132 0 0 0 0.5398406787
# exciton 2
0 0 -0.1948077915 0 0 0.1593307834 -0.1948077915 0.1593307834 0 0 0 -0.1593307834 0 0 -0.1948077915 -0.1593307834 -0.1948077915 0 1.415662764 -1.170620954e-16 0 1.170620954e-16 1.415662764 0 0 0 0.2141904054
# exciton 3
0 0 0.39264591 0 0 -0.6658030262 0.39264591 -0.6658030262 0 0 0 0.6658030262 0 0 0.39264591 0.6658030262 0.39264591 0 -0.1473094423 -1.749521579e-17 0 1.749521579e-17 -0.1473094423 0 0 0 0.6495688028
# exciton 4
0 0 -0.1722307831 0 0 -0.5506756788 -0.1722307831 -0.5506756788 0 0 0 0.5506756788 0 0 -0.1722307831 0.5506756788 -0.1722307831 0 0.01470175368 2.151677215e-17 0 -2.151677215e-17 0.01470175368 0 0 0 -0.1886721717
