# exciton 0
0 0 -0.1330639643 0 0 -0.1767169128 -0.1330639643 -0.1767169128 0 0 0 0.1767169128 0 0 -0.1330639643 0.1767169128 -0.1330639643 0 0.3202616889 4.770489559e-18 0 -4.770489559e-18 0.3202616889 0 0 0 0.4030824464
# exciton 1
0 0 -0.5234631275 0 0 -0.2043162179 -0.5234631275 -0.2043162179 0 0 0 0.2043162179 0 0 -0.5234631275 0.2043162179 -0.5234631275 0 0.6564272451 -1.387778781e-17 0 1.387778781e-17 0.6564272451 0 0 0 0.9220105172
# exciton 2
0 0 0.3100776643 0 0 -0.5273088381 0.3100776643 -0.5273088381 0 0 0 0.5273088381 0 0 0.3100776643 0.5273088381 0.3100776643 0 -0.1385086732 6.938893904e-18 0 -6.938893904e-18 -0.1385086732 0 0 0 -0.1140908649
# exciton 3
0 0 -0.1466818315 0 0 0.4754618665 -0.1466818315 0.4754618665 0 0 0 -0.4754618665 0 0 -0.1466818315 -0.4754618665 -0.1466818315 0 -0.3472902801 2.775557562e-17 0 -2.775557562e-17 -0.3472902801 0 0 0 1.7958149
# exciton 4
0 0 -0.2265590432 0 0 0.5066174809 -0.2265590432 0.5066174809 0 0 0 -0.5066174809 0 0 -0.2265590432 -0.5066174809 -0.2265590432 0 -1.583615616 -6.938893904e-18 0 6.938893904e-18 -1.583615616 0 0 0 1.60482611
