# exciton 0
0 0 0.01037889713 0 0 -0.1664546665 0.01037889713 -0.1664546665 0 0 0 0.1664546665 0 0 0.01037889713 0.1664546665 0.01037889713 0 0.08942227638 -4.33680869e-19 0 -3.035766083e-18 0.08942227638 0 0 0 0.1075832632
# exciton 1
0 0 0.2655629319 0 0 -0.05914444599 0.2655629319 -0.05914444599 0 0 0 0.05914444599 0 0 0.2655629319 0.05914444599 0.2655629319 0 -0.9703459519 -6.245004514e-17 0 6.245004514e-17 -0.9703459519 0 0 0 -1.036323315
# exciton 2
0 0 -0.31899213 0 0 -0.6198842616 -0.31899213 -0.6198842616 0 0 0 0.6198842616 0 0 -0.31899213 0.6198842616 -0.31899213 0 0.155369244 2.428612866e-17 0 -1.734723476e-17 0.155369244 0 0 0 0.3051877466
# exciton 3
0 0 -0.1882462766 0 0 0.3451978417 -0.1882462766 0.3451978417 0 0 0 -0.3451978417 0 0 -0.1882462766 -0.3451978417 -0.1882462766 0 -0.5285791927 0 0 0 -0.5285791927 0 0 0 -0.09956937211
# exciton 4
0 0 -0.5173946235 0 0 0.8001999595 -0.5173946235 0.8001999595 0 0 0 -0.8001999595 0 0 -0.5173946235 -0.8001999595 -0.5173946235 0 0.752344015 -2.081668171e-17 0 2.081668171e-17 0.752344015 0 0 0 -0.7052630467
