# exciton 0
0 0 -0.1125551475 0 0 -0.1275203127 -0.1125551475 -0.1275203127 0 0 0 0.1275203127 0 0 -0.1125551475 0.1275203127 -0.1125551475 0 0.6214687005 5.204170428e-18 0 -5.204170428e-18 0.6214687005 0 0 0 0.6650431915
# exciton 1
0 0 0.03533593462 0 0 -0.098777642 0.03533593462 -0.098777642 0 0 0 0.098777642 0 0 0.03533593462 0.098777642 0.03533593462 0 -1.247447638 -5.551115123e-17 0 5.551115123e-17 -1.247447638 0 0 0 -1.192947689
# exciton 2
0 0 -0.1980296842 0 0 -0.4405463774 -0.1980296842 -0.4405463774 0 0 0 0.4405463774 0 0 -0.1980296842 0.4405463774 -0.1980296842 0 0.04899104242 6.938893904e-18 0 -6.938893904e-18 0.04899104242 0 0 0 0.2867098906
# exciton 3
0 0 -0.5988365486 0 0 -0.1062214429 -0.5988365486 -0.1062214429 0 0 0 0.1062214429 0 0 -0.5988365486 0.1062214429 -0.5988365486 0 -1.339218661 -2.775557562e-17 0 2.775557562e-17 -1.339218661 0 0 0 1.56648383
# exciton 4
0 0 -1.007210225 0 0 1.107475913 -1.007210225 1.107475913 0 0 0 -1.107475913 0 0 -1.007210225 -1.107475913 -1.007210225 0 0.00511830731 0 0 0 0.00511830731 0 0 0 -0.002037704684
