# exciton 0
0 0 0.1489685357 0 0 -0.1635389138 0.1489685357 -0.1635389138 0 0 0 0.1635389138 0 0 0.1489685357 0.1635389138 0.1489685357 0 -0.4461539001 8.67361738e-19 0 -4.33680869e-18 -0.4461539001 0 0 0 -0.5005360091
# exciton 1
0 0 0.526587603 0 0 -0.03265032131 0.526587603 -0.03265032131 0 0 0 0.03265032131 0 0 0.526587603 0.03265032131 0.526587603 0 -0.4832576866 2.775557562e-17 0 -2.775557562e-17 -0.4832576866 0 0 0 -0.8939964577
# exciton 2
0 0 -0.3507956616 0 0 -0.5166508563 -0.3507956616 -0.5166508563 0 0 0 0.5166508563 0 0 -0.3507956616 0.5166508563 -0.3507956616 0 0.339945177 3.122502257e-17 0 -2.428612866e-17 0.339945177 0 0 0 0.1899611186
# exciton 3
0 0 0.05449382987 0 0 0.5948534602 0.05449382987 0.5948534602 0 0 0 -0.5948534602 0 0 0.05449382987 -0.5948534602 0.05449382987 0 0.1109968792 -2.081668171e-17 0 2.081668171e-17 0.1109968792 0 0 0 -1.277087542
# exciton 4
0 0 0.1678446361 0 0 0.1519244636 0.1678446361 0.1519244636 0 0 0 -0.1519244636 0 0 0.1678446361 -0.1519244636 0.1678446361 0 1.542334509 -2.775557562e-17 0 4.163336342e-17 1.542334509 0 0 0 -1.636092775
