# exciton 0
0 0 -0.137283109 0 0 -0.06491757394 -0.137283109 -0.06491757394 0 0 0 0.06491757394 0 0 -0.137283109 0.06491757394 -0.137283109 0 1.281483859 -2.602085214e-18 0 2.602085214e-18 1.281483859 0 0 0 0.8939073168
# exciton 1
0 0 -0.2923448362 0 0 0.3851710104 -0.2923448362 0.3851710104 0 0 0 -0.3851710104 0 0 -0.2923448362 -0.3851710104 -0.2923448362 0 -0.05815819187 0 0 0 -0.05815819187 0 0 0 -0.2823516654
# exciton 2
0 0 0.2263884978 0 0 -0.05208799525 0.2263884978 -0.05208799525 0 0 0 0.05208799525 0 0 0.2263884978 0.05208799525 0.2263884978 0 -0.988226527 6.938893904e-18 0 -6.938893904e-18 -0.988226527 0 0 0 0.1383669905
# exciton 3
0 0 0.1667456628 0 0 0.3347084815 0.1667456628 0.3347084815 0 0 0 -0.3347084815 0 0 0.1667456628 -0.3347084815 0.1667456628 0 -0.01104282274 -4.163336342e-17 0 4.163336342e-17 -0.01104282274 0 0 0 0.652042794
# exciton 4
0 0 -0.03485732057 0 0 -1.099476927 -0.03485732057 -1.099476927 0 0 0 1.099476927 0 0 -0.03485732057 1.099476927 -0.03485732057 0 -1.243873137 -1.040834086e-16 0 1.040834086e-16 -1.243873137 0 0 0 0.9123275817
