# exciton 0
0 0 -0.02890778943 0 0 0.08214304128 -0.02890778943 0.08214304128 0 0 0 -0.08214304128 0 0 -0.02890778943 -0.08214304128 -0.02890778943 0 -0.01403841204 -1.127570259e-17 0 1.127570259e-17 -0.01403841204 0 0 0 -0.01429976699
# exciton 1
0 0 0.3085110068 0 0 0.4351157061 0.3085110068 0.4351157061 0 0 0 -0.4351157061 0 0 0.3085110068 -0.4351157061 0.3085110068 0 0.4444922445 0 0 0 0.4444922445 0 0 0 0.2055354167
# exciton 2
0 0 0.4033319688 0 0 -0.2751669774 0.4033319688 -0.2751669774 0 0 0 0.2751669774 0 0 0.4033319688 0.2751669774 0.4033319688 0 -0.9685102134 6.938893904e-18 0 -6.938893904e-18 -0.9685102134 0 0 0 -0.7414572924
# exciton 3
0 0 -0.5933897247 0 0 0.9212690621 -0.5933897247 0.9212690621 0 0 0 -0.9212690621 0 0 -0.5933897247 -0.9212690621 -0.5933897247 0 0.7942303455 5.551115123e-17 0 -5.551115123e-17 0.7942303455 0 0 0 -0.9745627196
# exciton 4
0 0 1.201591382 0 0 -0.5460884067 1.201591382 -0.5460884067 0 0 0 0.5460884067 0 0 1.201591382 0.5460884067 1.201591382 0 0.3868452631 9.714451465e-17 0 -9.714451465e-17 0.3868452631 0 0 0 -0.03421964869
