# exciton 0
0 0 0.05582490831 0 0 -0.004153738084 0.05582490831 -0.004153738084 0 0 0 0.004153738084 0 0 0.05582490831 0.004153738084 0.05582490831 0 -1.718863971 -1.734723476e-18 0 1.734723476e-18 -1.718863971 0 0 0 -0.9270701828
# exciton 1
0 0 -0.06417182204 0 0 0.5049390365 -0.06417182204 0.5049390365 0 0 0 -0.5049390365 0 0 -0.06417182204 -0.5049390365 -0.06417182204 0 0.2351336188 -6.245004514e-17 0 6.245004514e-17 0.2351336188 0 0 0 1.386297885
# exciton 2
0 0 -0.239047511 0 0 0.2850472701 -0.239047511 0.2850472701 0 0 0 -0.2850472701 0 0 -0.239047511 -0.2850472701 -0.239047511 0 1.095143544 -2.775557562e-17 0 2.775557562e-17 1.095143544 0 0 0 -0.0890219924
# exciton 3
0 0 -0.3406269012 0 0 -0.291841184 -0.3406269012 -0.291841184 0 0 0 0.291841184 0 0 -0.3406269012 0.291841184 -0.3406269012 0 -0.03637430584 5.551115123e-17 0 -5.551115123e-17 -0.03637430584 0 0 0 -0.1766085788
# exciton 4
0 0 -0.3306050613 0 0 -1.268973693 -0.3306050613 -1.268973693 0 0 0 1.268973693 0 0 -0.3306050613 1.268973693 -0.3306050613 0 0.584095358 -1.110223025e-16 0 1.110223025e-16 0.584095358 0 0 0 0.3347378228
