# exciton 0
0 0 0.229918118 0 0 -0.1361395524 0.229918118 -0.1361395524 0 0 0 0.1361395524 0 0 0.229918118 0.1361395524 0.229918118 0 -0.8083909984 1.040834086e-17 0 -1.040834086e-17 -0.8083909984 0 0 0 -0.8972424038
# exciton 1
0 0 0.685227075 0 0 -0.3759377788 0.685227075 -0.3759377788 0 0 0 0.3759377788 0 0 0.685227075 0.3759377788 0.685227075 0 -0.2296326901 0 0 0 -0.2296326901 0 0 0 -0.5512107653
# exciton 2
0 0 -0.3385716759 0 0 -0.1883103683 -0.3385716759 -0.1883103683 0 0 0 0.1883103683 0 0 -0.3385716759 0.1883103683 -0.3385716759 0 0.1138880681 0 0 0 0.1138880681 0 0 0 0.03842643279
# exciton 3
0 0 -0.2016871951 0 0 0.4657511624 -0.2016871951 0.4657511624 0 0 0 -0.4657511624 0 0 -0.2016871951 -0.4657511624 -0.2016871951 0 0.5217470118 8.326672685e-17 0 -8.326672685e-17 0.5217470118 0 0 0 -1.93402418
# exciton 4
0 0 0.6181599077 0 0 -0.006855285107 0.6181599077 -0.006855285107 0 0 0 0.006855285107 0 0 0.6181599077 0.006855285107 0.6181599077 0 1.914370907 4.163336342e-17 0 -4.163336342e-17 1.914370907 0 0 0 -1.651285864
