# exciton 0
0 0 0.005564320107 0 0 0.03724380011 0.005564320107 0.03724380011 0 0 0 -0.03724380011 0 0 0.005564320107 -0.03724380011 0.005564320107 0 0.005016429601 -3.469446952e-18 0 3.469446952e-18 0.005016429601 0 0 0 0.009059452378
# exciton 1
0 0 0.114304753 0 0 -0.4040993239 0.114304753 -0.4040993239 0 0 0 0.4040993239 0 0 0.114304753 0.4040993239 0.114304753 0 -1.272610489 -8.326672685e-17 0 8.326672685e-17 -1.272610489 0 0 0 0.2206243692
# exciton 2
0 0 0.1357228936 0 0 -0.07695446083 0.1357228936 -0.07695446083 0 0 0 0.07695446083 0 0 0.1357228936 0.07695446083 0.1357228936 0 -0.8513796605 -9.714451465e-17 0 9.714451465e-17 -0.8513796605 0 0 0 -0.6534550203
# exciton 3
0 0 -0.4493872507 0 0 0.1262470477 -0.4493872507 0.1262470477 0 0 0 -0.1262470477 0 0 -0.4493872507 -0.1262470477 -0.4493872507 0 0.8379486577 5.551115123e-17 0 -5.551115123e-17 0.8379486577 0 0 0 -2.413333727
# exciton 4
0 0 -0.3585480113 0 0 0.6427009665 -0.3585480113 0.6427009665 0 0 0 -0.6427009665 0 0 -0.3585480113 -0.6427009665 -0.3585480113 0 0.3214594049 2.636779683e-16 0 -2.636779683e-16 0.3214594049 0 0 0 1.38215501
