# exciton 0
0 0 0.05382059422 0 0 -0.1818267818 0.05382059422 -0.1818267818 0 0 0 0.1818267818 0 0 0.05382059422 0.1818267818 0.05382059422 0 -0.0583335515 1.301042607e-18 0 -1.301042607e-18 -0.0583335515 0 0 0 -0.07840970353
# exciton 1
0 0 0.3764597161 0 0 -0.2289300995 0.3764597161 -0.2289300995 0 0 0 0.2289300995 0 0 0.3764597161 0.2289300995 0.3764597161 0 -0.9577505287 -1.040834086e-17 0 1.040834086e-17 -0.9577505287 0 0 0 -0.9298509402
# exciton 2
0 0 -0.2391442227 0 0 -0.5835829384 -0.2391442227 -0.5835829384 0 0 0 0.5835829384 0 0 -0.2391442227 0.5835829384 -0.2391442227 0 0.03586167243 0 0 -6.938893904e-18 0.03586167243 0 0 0 0.05228213903
# exciton 3
0 0 0.1457234649 0 0 0.2963679319 0.1457234649 0.2963679319 0 0 0 -0.2963679319 0 0 0.1457234649 -0.2963679319 0.1457234649 0 0.2196639198 1.387778781e-17 0 -1.387778781e-17 0.2196639198 0 0 0 -1.600065148
# exciton 4
0 0 -0.07192586807 0 0 0.8875237737 -0.07192586807 0.8875237737 0 0 0 -0.8875237737 0 0 -0.07192586807 -0.8875237737 -0.07192586807 0 1.233618422 5.204170428e-18 0 -5.204170428e-18 1.233618422 0 0 0 -1.151760304
