# exciton 0
0 0 -0.1409697225 0 0 0.09404274224 -0.1409697225 0.09404274224 0 0 0 -0.09404274224 0 0 -0.1409697225 -0.09404274224 -0.1409697225 0 0.8539904276 2.949029909e-17 0 -1.908195824e-17 0.8539904276 0 0 0 0.8203866437
# exciton 1
0 0 -0.5591081714 0 0 -0.3079664208 -0.5591081714 -0.3079664208 0 0 0 0.3079664208 0 0 -0.5591081714 0.3079664208 -0.5591081714 0 -0.7272806066 -1.387778781e-17 0 -1.387778781e-17 -0.7272806066 0 0 0 -0.5148185349
# exciton 2
0 0 -0.4418198453 0 0 0.1524689939 -0.4418198453 0.1524689939 0 0 0 -0.1524689939 0 0 -0.4418198453 -0.1524689939 -0.4418198453 0 0.352262403 1.387778781e-17 0 0 0.352262403 0 0 0 1.177884624
# exciton 3
0 0 1.000091167 0 0 0.4719353702 1.000091167 0.4719353702 0 0 0 -0.4719353702 0 0 1.000091167 -0.4719353702 1.000091167 0 -0.7753032812 2.775557562e-17 0 2.775557562e-17 -0.7753032812 0 0 0 1.121383006
# exciton 4
0 0 -0.5611150514 0 0 0.07913508255 -0.5611150514 0.07913508255 0 0 0 -0.07913508255 0 0 -0.5611150514 -0.07913508255 -0.5611150514 0 -0.2924509349 1.665334537e-16 0 -1.804112415e-16 -0.2924509349 0 0 0 -1.265700736
