# exciton 0
0 0 -0.1164727964 0 0 -0.1346258031 -0.1164727964 -0.1346258031 0 0 0 0.1346258031 0 0 -0.1164727964 0.1346258031 -0.1164727964 0 0.2043689872 4.33680869e-18 0 -4.33680869e-18 0.2043689872 0 0 0 0.3259590576
# exciton 1
0 0 -0.4247668954 0 0 -0.5345605715 -0.4247668954 -0.5345605715 0 0 0 0.5345605715 0 0 -0.4247668954 0.5345605715 -0.4247668954 0 0.9719490578 5.551115123e-17 0 -5.551115123e-17 0.9719490578 0 0 0 0.5295946751
# exciton 2
0 0 0.1139362274 0 0 -0.362802587 0.1139362274 -0.362802587 0 0 0 0.362802587 0 0 0.1139362274 0.362802587 0.1139362274 0 0.2790661827 -6.245004514e-17 0 6.245004514e-17 0.2790661827 0 0 0 0.2836469833
# exciton 3
0 0 -0.2731815507 0 0 0.232718974 -0.2731815507 0.232718974 0 0 0 -0.232718974 0 0 -0.2731815507 -0.232718974 -0.2731815507 0 -1.022519671 2.775557562e-17 0 -2.775557562e-17 -1.022519671 0 0 0 3.092506879
# exciton 4
0 0 -0.211782747 0 0 0.9137203679 -0.211782747 0.9137203679 0 0 0 -0.9137203679 0 0 -0.211782747 -0.9137203679 -0.211782747 0 -1.405572521 9.714451465e-17 0 -9.714451465e-17 -1.405572521 0 0 0 0.8314136475
