# exciton 0
0 0 -0.01128817243 0 0 -0.1709221692 -0.01128817243 -0.1709221692 0 0 0 0.1709221692 0 0 -0.01128817243 0.1709221692 -0.01128817243 0 -0.04750761247 3.903127821e-18 0 3.035766083e-18 -0.04750761247 0 0 0 -0.07073615206
# exciton 1
0 0 -0.2754667512 0 0 -0.3426608336 -0.2754667512 -0.3426608336 0 0 0 0.3426608336 0 0 -0.2754667512 0.3426608336 -0.2754667512 0 1.196922808 -2.428612866e-17 0 2.428612866e-17 1.196922808 0 0 0 0.7306656445
# exciton 2
0 0 0.09774561227 0 0 -0.5283751477 0.09774561227 -0.5283751477 0 0 0 0.5283751477 0 0 0.09774561227 0.5283751477 0.09774561227 0 0.1241439635 -2.602085214e-17 0 3.295974604e-17 0.1241439635 0 0 0 0.2125796319
# exciton 3
0 0 -0.3048254133 0 0 0.08711583862 -0.3048254133 0.08711583862 0 0 0 -0.08711583862 0 0 -0.3048254133 -0.08711583862 -0.3048254133 0 -0.5720912688 2.081668171e-17 0 -2.081668171e-17 -0.5720912688 0 0 0 2.303919469
# exciton 4
0 0 0.1011810254 0 0 1.145955677 0.1011810254 1.145955677 0 0 0 -1.145955677 0 0 0.1011810254 -1.145955677 0.1011810254 0 -1.127978208 4.163336342e-17 0 -4.163336342e-17 -1.127978208 0 0 0 0.8294918739
