# exciton 0
0 0 0.1134361756 0 0 0.0482723592 0.1134361756 0.0482723592 0 0 0 -0.0482723592 0 0 0.1134361756 -0.0482723592 0.1134361756 0 -1.403652975 -1.32272665e-17 0 1.32272665e-17 -1.403652975 0 0 0 -0.9087627515
# exciton 1
0 0 -0.04578736154 0 0 0.8511357973 -0.04578736154 0.8511357973 0 0 0 -0.8511357973 0 0 -0.04578736154 -0.8511357973 -0.04578736154 0 0.3859591447 -2.081668171e-17 0 2.081668171e-17 0.3859591447 0 0 0 0.9072574546
# exciton 2
0 0 -0.03377127083 0 0 0.1064785083 -0.03377127083 0.1064785083 0 0 0 -0.1064785083 0 0 -0.03377127083 -0.1064785083 -0.03377127083 0 1.569010695 -6.938893904e-18 0 6.938893904e-18 1.569010695 0 0 0 -0.3739932584
# exciton 3
0 0 0.242226802 0 0 -0.05605262753 0.242226802 -0.05605262753 0 0 0 0.05605262753 0 0 0.242226802 0.05605262753 0.242226802 0 -0.01166960554 -6.938893904e-18 0 6.938893904e-18 -0.01166960554 0 0 0 -0.2206159257
# exciton 4
0 0 -0.561928744 0 0 -1.424692096 -0.561928744 -1.424692096 0 0 0 1.424692096 0 0 -0.561928744 1.424692096 -0.561928744 0 0.3045308521 -8.67361738e-17 0 8.67361738e-17 0.3045308521 0 0 0 0.1985924549
