# exciton 0
0 0 0.1848556953 0 0 0.07114770939 0.1848556953 0.07114770939 0 0 0 -0.07114770939 0 0 0.1848556953 -0.07114770939 0.1848556953 0 -1.228451544 2.775557562e-17 0 -2.775557562e-17 -1.228451544 0 0 0 -1.079963622
# exciton 1
0 0 0.5408322902 0 0 -0.6466194893 0.5408322902 -0.6466194893 0 0 0 0.6466194893 0 0 0.5408322902 0.6466194893 0.5408322902 0 0.5053184987 0 0 0 0.5053184987 0 0 0 0.7497570736
# exciton 2
0 0 0.1009417974 0 0 0.4432328008 0.1009417974 0.4432328008 0 0 0 -0.4432328008 0 0 0.1009417974 -0.4432328008 0.1009417974 0 -0.26322529 0 0 0 -0.26322529 0 0 0 -0.7100655604
# exciton 3
0 0 -1.634664375 0 0 0.1681245749 -1.634664375 0.1681245749 0 0 0 -0.1681245749 0 0 -1.634664375 -0.1681245749 -1.634664375 0 0.1436550622 6.162975822e-33 0 -6.162975822e-33 0.1436550622 0 0 0 -0.1772325076
# exciton 4
0 0 -0.09048855801 0 0 0.02550792594 -0.09048855801 0.02550792594 0 0 0 -0.02550792594 0 0 -0.09048855801 -0.02550792594 -0.09048855801 0 0.1482353747 2.220446049e-16 0 -2.220446049e-16 0.1482353747 0 0 0 2.105585378
