# exciton 0
0 0 0.2310868728 0 0 -0.1369438451 0.2310868728 -0.1369438451 0 0 0 0.1369438451 0 0 0.2310868728 0.1369438451 0.2310868728 0 -0.6982391853 8.67361738e-18 0 -8.67361738e-18 -0.6982391853 0 0 0 -0.8482496268
# exciton 1
0 0 0.6891809165 0 0 -0.4636913267 0.6891809165 -0.4636913267 0 0 0 0.4636913267 0 0 0.6891809165 0.4636913267 0.6891809165 0 -0.3292610827 0 0 0 -0.3292610827 0 0 0 -0.6087970359
# exciton 2
0 0 -0.3129744148 0 0 -0.2132483356 -0.3129744148 -0.2132483356 0 0 0 0.2132483356 0 0 -0.3129744148 0.2132483356 -0.3129744148 0 -0.003108567478 -6.938893904e-18 0 6.938893904e-18 -0.003108567478 0 0 0 -0.001397171362
# exciton 3
0 0 -0.1418368696 0 0 0.4542292628 -0.1418368696 0.4542292628 0 0 0 -0.4542292628 0 0 -0.1418368696 -0.4542292628 -0.1418368696 0 0.6419868029 5.551115123e-17 0 -5.551115123e-17 0.6419868029 0 0 0 -2.204485802
# exciton 4
0 0 0.6004757769 0 0 0.192423919 0.6004757769 0.192423919 0 0 0 -0.192423919 0 0 0.6004757769 -0.192423919 0.6004757769 0 1.882269905 5.551115123e-17 0 -5.551115123e-17 1.882269905 0 0 0 -1.555009189
