# exciton 0
0 0 0.1421515932 0 0 -0.1563752344 0.1421515932 -0.1563752344 0 0 0 0.1563752344 0 0 0.1421515932 0.1563752344 0.1421515932 0 -0.4411301708 -4.987329993e-18 0 4.987329993e-18 -0.4411301708 0 0 0 -0.479416326
# exciton 1
0 0 0.4934088077 0 0 0.04437992886 0.4934088077 0.04437992886 0 0 0 -0.04437992886 0 0 0.4934088077 -0.04437992886 0.4934088077 0 -0.4686693166 3.469446952e-18 0 -3.469446952e-18 -0.4686693166 0 0 0 -0.8838556145
# exciton 2
0 0 -0.357948824 0 0 -0.5296717458 -0.357948824 -0.5296717458 0 0 0 0.5296717458 0 0 -0.357948824 0.5296717458 -0.357948824 0 0.4120454813 2.775557562e-17 0 -2.775557562e-17 0.4120454813 0 0 0 0.2209441729
# exciton 3
0 0 0.02324057172 0 0 0.6305009875 0.02324057172 0.6305009875 0 0 0 -0.6305009875 0 0 0.02324057172 -0.6305009875 0.02324057172 0 -0.02334269704 8.326672685e-17 0 -8.326672685e-17 -0.02334269704 0 0 0 -0.9997341947
# exciton 4
0 0 0.05781616064 0 0 0.06805920334 0.05781616064 0.06805920334 0 0 0 -0.06805920334 0 0 0.05781616064 -0.06805920334 0.05781616064 0 1.428523843 -4.510281038e-17 0 4.510281038e-17 1.428523843 0 0 0 -1.525615974
