# exciton 0
0 0 0.1407818043 0 0 -0.1747977654 0.1407818043 -0.1747977654 0 0 0 0.1747977654 0 0 0.1407818043 0.1747977654 0.1407818043 0 -0.3578501764 4.33680869e-19 0 -4.33680869e-19 -0.3578501764 0 0 0 -0.4400923892
# exciton 1
0 0 0.5356628778 0 0 -0.1785929941 0.5356628778 -0.1785929941 0 0 0 0.1785929941 0 0 0.5356628778 0.1785929941 0.5356628778 0 -0.6084411408 0 0 0 -0.6084411408 0 0 0 -0.9194938563
# exciton 2
0 0 -0.3217076074 0 0 -0.5205306772 -0.3217076074 -0.5205306772 0 0 0 0.5205306772 0 0 -0.3217076074 0.5205306772 -0.3217076074 0 0.174479648 1.387778781e-17 0 -1.387778781e-17 0.174479648 0 0 0 0.1307203968
# exciton 3
0 0 0.1280716905 0 0 0.5031195089 0.1280716905 0.5031195089 0 0 0 -0.5031195089 0 0 0.1280716905 -0.5031195089 0.1280716905 0 0.3170898881 0 0 0 0.3170898881 0 0 0 -1.72442067
# exciton 4
0 0 0.2420034825 0 0 0.4280231318 0.2420034825 0.4280231318 0 0 0 -0.4280231318 0 0 0.2420034825 -0.4280231318 0.2420034825 0 1.60532654 -1.387778781e-17 0 1.387778781e-17 1.60532654 0 0 0 -1.646713617
