# exciton 0
0 0 0.05109910144 0 0 -0.001340349552 0.05109910144 -0.001340349552 0 0 0 0.001340349552 0 0 0.05109910144 0.001340349552 0.05109910144 0 -1.788576322 2.125036258e-17 0 -2.818925648e-17 -1.788576322 0 0 0 -1.023450207
# exciton 1
0 0 -0.1506188699 0 0 -0.2732365716 -0.1506188699 -0.2732365716 0 0 0 0.2732365716 0 0 -0.1506188699 0.2732365716 -0.1506188699 0 0.6056556657 -3.469446952e-17 0 3.469446952e-17 0.6056556657 0 0 0 2.25314209
# exciton 2
0 0 -0.3331247161 0 0 0.4942013593 -0.3331247161 0.4942013593 0 0 0 -0.4942013593 0 0 -0.3331247161 -0.4942013593 -0.3331247161 0 0.05064899784 -2.428612866e-17 0 -3.469446952e-18 0.05064899784 0 0 0 0.2212989652
# exciton 3
0 0 -0.5175462381 0 0 -0.8334506468 -0.5175462381 -0.8334506468 0 0 0 0.8334506468 0 0 -0.5175462381 0.8334506468 -0.5175462381 0 0.7543714444 0 0 0 0.7543714444 0 0 0 -1.044473102
# exciton 4
0 0 -0.1182886169 0 0 0.1827624871 -0.1182886169 0.1827624871 0 0 0 -0.1827624871 0 0 -0.1182886169 -0.1827624871 -0.1182886169 0 -0.05572336521 4.857225733e-17 0 -4.163336342e-17 -0.05572336521 0 0 0 1.8794438
