# exciton 0
0 0 0.07840987573 0 0 -0.03558217277 0.07840987573 -0.03558217277 0 0 0 0.03558217277 0 0 0.07840987573 0.03558217277 0.07840987573 0 -0.2181703841 5.204170428e-18 0 -5.204170428e-18 -0.2181703841 0 0 0 -0.2097417063
# exciton 1
0 0 0.05013848213 0 0 0.4673976523 0.05013848213 0.4673976523 0 0 0 -0.4673976523 0 0 0.05013848213 -0.4673976523 0.05013848213 0 -0.4833724339 2.775557562e-17 0 -2.775557562e-17 -0.4833724339 0 0 0 -0.5545036364
# exciton 2
0 0 -0.3904564793 0 0 -0.4886491542 -0.3904564793 -0.4886491542 0 0 0 0.4886491542 0 0 -0.3904564793 0.4886491542 -0.3904564793 0 0.8353799674 2.775557562e-17 0 -2.775557562e-17 0.8353799674 0 0 0 0.5037927347
# exciton 3
0 0 0.009935290504 0 0 0.8646831564 0.009935290504 0.8646831564 0 0 0 -0.8646831564 0 0 0.009935290504 -0.8646831564 0.009935290504 0 -0.8737565041 -2.775557562e-17 0 2.775557562e-17 -0.8737565041 0 0 0 0.8725374453
# exciton 4
0 0 -1.003814613 0 0 -0.4149541113 -1.003814613 -0.4149541113 0 0 0 0.4149541113 0 0 -1.003814613 0.4149541113 -1.003814613 0 0.1534924712 -1.387778781e-17 0 1.387778781e-17 0.1534924712 0 0 0 -0.1314917806
