# exciton 0
0 0 0.02752546798 0 0 -0.02599914319 0.02752546798 -0.02599914319 0 0 0 0.02599914319 0 0 0.02752546798 0.02599914319 0.02752546798 0 -0.02451472049 -4.33680869e-18 0 4.33680869e-18 -0.02451472049 0 0 0 -0.04435934687
# exciton 1
0 0 0.1544110309 0 0 -0.4997047396 0.1544110309 -0.4997047396 0 0 0 0.4997047396 0 0 0.1544110309 0.4997047396 0.1544110309 0 -1.304077051 -4.163336342e-17 0 4.163336342e-17 -1.304077051 0 0 0 0.05471130742
# exciton 2
0 0 0.09899667503 0 0 -0.1750046299 0.09899667503 -0.1750046299 0 0 0 0.1750046299 0 0 0.09899667503 0.1750046299 0.09899667503 0 -0.6602453082 -9.714451465e-17 0 9.714451465e-17 -0.6602453082 0 0 0 -0.6223204264
# exciton 3
0 0 -0.04990893007 0 0 0.07647994194 -0.04990893007 0.07647994194 0 0 0 -0.07647994194 0 0 -0.04990893007 -0.07647994194 -0.04990893007 0 1.064417984 0 0 0 1.064417984 0 0 0 -3.007006974
# exciton 4
0 0 -0.237688617 0 0 0.8776667315 -0.237688617 0.8776667315 0 0 0 -0.8776667315 0 0 -0.237688617 -0.8776667315 -0.237688617 0 0.6329522248 2.081668171e-16 0 -2.081668171e-16 0.6329522248 0 0 0 0.7588780164
