# exciton 0
0 0 -0.04985733562 0 0 -0.0235185152 -0.04985733562 -0.0235185152 0 0 0 0.0235185152 0 0 -0.04985733562 0.0235185152 -0.04985733562 0 1.780207369 -2.602085214e-18 0 -4.33680869e-18 1.780207369 0 0 0 0.9463932612
# exciton 1
0 0 0.01706311267 0 0 0.263688092 0.01706311267 0.263688092 0 0 0 -0.263688092 0 0 0.01706311267 -0.263688092 0.01706311267 0 -0.1748215491 -2.775557562e-17 0 2.775557562e-17 -0.1748215491 0 0 0 -1.455133897
# exciton 2
0 0 0.3299799342 0 0 0.3550026127 0.3299799342 0.3550026127 0 0 0 -0.3550026127 0 0 0.3299799342 -0.3550026127 0.3299799342 0 -0.8197347707 -6.245004514e-17 0 6.938893904e-18 -0.8197347707 0 0 0 -0.04519161582
# exciton 3
0 0 0.6275962972 0 0 -0.3092147925 0.6275962972 -0.3092147925 0 0 0 0.3092147925 0 0 0.6275962972 0.3092147925 0.6275962972 0 0.056688213 1.110223025e-16 0 -1.110223025e-16 0.056688213 0 0 0 0.1531025319
# exciton 4
0 0 0.2112370608 0 0 -1.116212484 0.2112370608 -1.116212484 0 0 0 1.116212484 0 0 0.2112370608 1.116212484 0.2112370608 0 -0.71679766 -1.249000903e-16 0 9.714451465e-17 -0.71679766 0 0 0 -0.3801563932
