# exciton 0
0 0 0.149532403 0 0 -0.02217848191 0.149532403 -0.02217848191 0 0 0 0.02217848191 0 0 0.149532403 0.02217848191 0.149532403 0 -1.548681878 -1.95156391e-17 0 1.95156391e-17 -1.548681878 0 0 0 -1.152235883
# exciton 1
0 0 -0.137361592 0 0 0.1677245954 -0.137361592 0.1677245954 0 0 0 -0.1677245954 0 0 -0.137361592 -0.1677245954 -0.137361592 0 1.20949619 -1.387778781e-16 0 1.387778781e-16 1.20949619 0 0 0 1.788955982
# exciton 2
0 0 -0.597212302 0 0 0.2411398761 -0.597212302 0.2411398761 0 0 0 -0.2411398761 0 0 -0.597212302 -0.2411398761 -0.597212302 0 0.3479963514 -4.163336342e-17 0 4.163336342e-17 0.3479963514 0 0 0 0.9603064988
# exciton 3
0 0 0.02282206176 0 0 -1.322412558 0.02282206176 -1.322412558 0 0 0 1.322412558 0 0 0.02282206176 1.322412558 0.02282206176 0 0.4605449276 -8.326672685e-17 0 8.326672685e-17 0.4605449276 0 0 0 -0.1952376913
# exciton 4
0 0 0.1383604592 0 0 0.4960956015 0.1383604592 0.4960956015 0 0 0 -0.4960956015 0 0 0.1383604592 -0.4960956015 0.1383604592 0 -0.0564310312 -4.857225733e-17 0 4.857225733e-17 -0.0564310312 0 0 0 0.7135580356
