# exciton 0
0 0 0.1651891998 0 0 -0.09215282735 0.1651891998 -0.09215282735 0 0 0 0.09215282735 0 0 0.1651891998 0.09215282735 0.1651891998 0 -1.297407985 4.33680869e-18 0 6.071532166e-18 -1.297407985 0 0 0 -0.977429425
# exciton 1
0 0 0.4441338373 0 0 0.01568511901 0.4441338373 0.01568511901 0 0 0 -0.01568511901 0 0 0.4441338373 -0.01568511901 0.4441338373 0 0.03312908629 2.775557562e-17 0 2.775557562e-17 0.03312908629 0 0 0 0.1868693029
# exciton 2
0 0 -0.3294566478 0 0 0.02604575078 -0.3294566478 0.02604575078 0 0 0 -0.02604575078 0 0 -0.3294566478 -0.02604575078 -0.3294566478 0 0.5917884894 -6.938893904e-18 0 6.938893904e-18 0.5917884894 0 0 0 0.006037621234
# exciton 3
0 0 -0.4440384888 0 0 0.2916725904 -0.4440384888 0.2916725904 0 0 0 -0.2916725904 0 0 -0.4440384888 -0.2916725904 -0.4440384888 0 0.1153411479 0 0 0 0.1153411479 0 0 0 -0.89274842
# exciton 4
0 0 0.3473287081 0 0 -0.7952585203 0.3473287081 -0.7952585203 0 0 0 0.7952585203 0 0 0.3473287081 0.7952585203 0.3473287081 0 1.570344933 -8.326672685e-17 0 8.326672685e-17 1.570344933 0 0 0 -1.131641207
