# exciton 0
0 0 -0.02535814685 0 0 -0.01542074602 -0.02535814685 -0.01542074602 0 0 0 0.01542074602 0 0 -0.02535814685 0.01542074602 -0.02535814685 0 1.912812052 -6.938893904e-18 0 6.938893904e-18 1.912812052 0 0 0 0.9688426069
# exciton 1
0 0 0.09479700024 0 0 -0.01286291613 0.09479700024 -0.01286291613 0 0 0 0.01286291613 0 0 0.09479700024 0.01286291613 0.09479700024 0 -0.2031671785 -4.163336342e-17 0 4.163336342e-17 -0.2031671785 0 0 0 -1.892607122
# exciton 2
0 0 0.4345469491 0 0 0.5242166225 0.4345469491 0.5242166225 0 0 0 -0.5242166225 0 0 0.4345469491 -0.5242166225 0.4345469491 0 -0.4703555962 -3.122502257e-17 0 3.122502257e-17 -0.4703555962 0 0 0 -0.2499102637
# exciton 3
0 0 0.9632140428 0 0 -0.5498067462 0.9632140428 -0.5498067462 0 0 0 0.5498067462 0 0 0.9632140428 0.5498067462 0.9632140428 0 0.05084314054 2.775557562e-17 0 -2.775557562e-17 0.05084314054 0 0 0 -0.01004789995
# exciton 4
0 0 0.3060677899 0 0 -0.798472535 0.3060677899 -0.798472535 0 0 0 0.798472535 0 0 0.3060677899 0.798472535 0.3060677899 0 -0.437768576 0 0 0 -0.437768576 0 0 0 -1.155660954
