# exciton 0
0 0 0.2635942013 0 0 0.03652093965 0.2635942013 0.03652093965 0 0 0 -0.03652093965 0 0 0.2635942013 -0.03652093965 0.2635942013 0 -0.944175039 -3.940337983e-17 0 3.940337983e-17 -0.944175039 0 0 0 -1.128901999
# exciton 1
0 0 0.2588063514 0 0 0.3105918855 0.2588063514 0.3105918855 0 0 0 -0.3105918855 0 0 0.2588063514 -0.3105918855 0.2588063514 0 1.772153247 -8.65530049e-17 0 8.65530049e-17 1.772153247 0 0 0 0.2283393209
# exciton 2
0 0 -0.4225740158 0 0 0.03510801061 -0.4225740158 0.03510801061 0 0 0 -0.03510801061 0 0 -0.4225740158 -0.03510801061 -0.4225740158 0 0.896487293 -1.550145265e-16 0 1.550145265e-16 0.896487293 0 0 0 0.8277122058
# exciton 3
0 0 0.02565200144 0 0 -0.9106193854 0.02565200144 -0.9106193854 0 0 0 0.9106193854 0 0 0.02565200144 0.9106193854 0.02565200144 0 -0.4401396052 -1.784469269e-17 0 1.784469269e-17 -0.4401396052 0 0 0 1.599098211
# exciton 4
0 0 0.3373187502 0 0 0.416249453 0.3373187502 0.416249453 0 0 0 -0.416249453 0 0 0.3373187502 -0.416249453 0.3373187502 0 0.05389756124 6.530924087e-17 0 -6.530924087e-17 0.05389756124 0 0 0 -0.655747477
