# exciton 0
0 0 -0.1218326423 0 0 0.03062589662 -0.1218326423 0.03062589662 0 0 0 -0.03062589662 0 0 -0.1218326423 -0.03062589662 -0.1218326423 0 1.323122679 9.540979118e-18 0 -9.540979118e-18 1.323122679 0 0 0 0.9953304313
# exciton 1
0 0 -0.2439474406 0 0 -0.3990523256 -0.2439474406 -0.3990523256 0 0 0 0.3990523256 0 0 -0.2439474406 0.3990523256 -0.2439474406 0 -0.8004477269 -1.387778781e-17 0 1.387778781e-17 -0.8004477269 0 0 0 -1.384161312
# exciton 2
0 0 -0.1690131607 0 0 0.2872803579 -0.1690131607 0.2872803579 0 0 0 -0.2872803579 0 0 -0.1690131607 -0.2872803579 -0.1690131607 0 0.09948908696 1.387778781e-17 0 -1.387778781e-17 0.09948908696 0 0 0 0.6895215813
# exciton 3
0 0 0.48196646 0 0 -0.1599196228 0.48196646 -0.1599196228 0 0 0 0.1599196228 0 0 0.48196646 0.1599196228 0.48196646 0 -1.117212575 -2.775557562e-17 0 2.775557562e-17 -1.117212575 0 0 0 1.689363042
# exciton 4
0 0 -0.3713682091 0 0 0.3619210902 -0.3713682091 0.3619210902 0 0 0 -0.3619210902 0 0 -0.3713682091 -0.3619210902 -0.3713682091 0 -0.1637098667 1.249000903e-16 0 -1.249000903e-16 -0.1637098667 0 0 0 -1.471205254
