# exciton 0
0 0 -0.1020430374 0 0 -0.0362551837 -0.1020430374 -0.0362551837 0 0 0 0.0362551837 0 0 -0.1020430374 0.0362551837 -0.1020430374 0 0.3643687373 -2.428612866e-17 0 2.428612866e-17 0.3643687373 0 0 0 0.3403763042
# exciton 1
0 0 -0.1019695825 0 0 0.527681061 -0.1019695825 0.527681061 0 0 0 -0.527681061 0 0 -0.1019695825 -0.527681061 -0.1019695825 0 0.3745928473 2.081668171e-17 0 -2.081668171e-17 0.3745928473 0 0 0 0.490800459
# exciton 2
0 0 0.3333932247 0 0 -0.470018092 0.3333932247 -0.470018092 0 0 0 0.470018092 0 0 0.3333932247 0.470018092 0.3333932247 0 -0.9469521446 2.428612866e-17 0 -2.428612866e-17 -0.9469521446 0 0 0 -0.3446155926
# exciton 3
0 0 -0.0857729292 0 0 0.8629750704 -0.0857729292 0.8629750704 0 0 0 -0.8629750704 0 0 -0.0857729292 -0.8629750704 -0.0857729292 0 0.697950502 -4.163336342e-17 0 4.163336342e-17 0.697950502 0 0 0 -0.5465284179
# exciton 4
0 0 0.8802757537 0 0 -0.5818885448 0.8802757537 -0.5818885448 0 0 0 0.5818885448 0 0 0.8802757537 0.5818885448 0.8802757537 0 -0.3034195879 -4.857225733e-17 0 4.857225733e-17 -0.3034195879 0 0 0 0.2678160046
