# exciton 0
0 0 -0.234235046 0 0 0.08032283119 -0.234235046 0.08032283119 0 0 0 -0.08032283119 0 0 -0.234235046 -0.08032283119 -0.234235046 0 0.9453043454 2.558717127e-17 0 -3.252606517e-17 0.9453043454 0 0 0 1.05178406
# exciton 1
0 0 -0.7007380191 0 0 -0.7261045071 -0.7007380191 -0.7261045071 0 0 0 0.7261045071 0 0 -0.7007380191 0.7261045071 -0.7007380191 0 -0.2621602473 1.387778781e-17 0 -4.163336342e-17 -0.2621602473 0 0 0 -0.220169088
# exciton 2
0 0 -0.084445341 0 0 0.3691563991 -0.084445341 0.3691563991 0 0 0 -0.3691563991 0 0 -0.084445341 -0.3691563991 -0.084445341 0 0.4455058689 0 0 2.775557562e-17 0.4455058689 0 0 0 0.7065915915
# exciton 3
0 0 1.882886159 0 0 0.4079652639 1.882886159 0.4079652639 0 0 0 -0.4079652639 0 0 1.882886159 -0.4079652639 1.882886159 0 0.08697291516 0 0 0 0.08697291516 0 0 0 -0.02439485374
# exciton 4
0 0 0.153644541 0 0 0.02572170328 0.153644541 0.02572170328 0 0 0 -0.02572170328 0 0 0.153644541 -0.02572170328 0.153644541 0 -0.2789948219 3.053113318e-16 0 -3.053113318e-16 -0.2789948219 0 0 0 -2.00108868
