# exciton 0
0 0 0.1591967378 0 0 0.126128823 0.1591967378 0.126128823 0 0 0 -0.126128823 0 0 0.1591967378 -0.126128823 0.1591967378 0 -0.4118583792 -1.994931997e-17 0 -8.67361738e-19 -0.4118583792 0 0 0 -0.6086450271
# exciton 1
0 0 0.5867657678 0 0 -0.4914288611 0.5867657678 -0.4914288611 0 0 0 0.4914288611 0 0 0.5867657678 0.4914288611 0.5867657678 0 -0.2300859581 -6.245004514e-17 0 -2.081668171e-17 -0.2300859581 0 0 0 -0.001512090647
# exciton 2
0 0 0.1755086739 0 0 0.1728490522 0.1755086739 0.1728490522 0 0 0 -0.1728490522 0 0 0.1755086739 -0.1728490522 0.1755086739 0 -0.8294383384 3.469446952e-17 0 -6.938893904e-18 -0.8294383384 0 0 0 -0.7728916947
# exciton 3
0 0 -1.745223117 0 0 0.5825013757 -1.745223117 0.5825013757 0 0 0 -0.5825013757 0 0 -1.745223117 -0.5825013757 -1.745223117 0 0.01620457552 0 0 0 0.01620457552 0 0 0 -0.3089154674
# exciton 4
0 0 -0.1919018107 0 0 0.06650861795 -0.1919018107 0.06650861795 0 0 0 -0.06650861795 0 0 -0.1919018107 -0.06650861795 -0.1919018107 0 0.1527331976 2.636779683e-16 0 -2.706168623e-16 0.1527331976 0 0 0 2.023812702
