# exciton 0
0 0 -0.1353668611 0 0 0.07528744453 -0.1353668611 0.07528744453 0 0 0 -0.07528744453 0 0 -0.1353668611 -0.07528744453 -0.1353668611 0 0.6521874925 -1.908195824e-17 0 1.908195824e-17 0.6521874925 0 0 0 0.577920258
# exciton 1
0 0 0.0583515216 0 0 0.827760577 0.0583515216 0.827760577 0 0 0 -0.827760577 0 0 0.0583515216 -0.827760577 0.0583515216 0 -0.06476661804 -2.775557562e-17 0 2.775557562e-17 -0.06476661804 0 0 0 -0.05561036934
# exciton 2
0 0 0.07207283353 0 0 -0.226977551 0.07207283353 -0.226977551 0 0 0 0.226977551 0 0 0.07207283353 0.226977551 0.07207283353 0 -1.547769407 2.775557562e-17 0 -2.775557562e-17 -1.547769407 0 0 0 0.1260285148
# exciton 3
0 0 -0.6768522331 0 0 0.7173947381 -0.6768522331 0.7173947381 0 0 0 -0.7173947381 0 0 -0.6768522331 -0.7173947381 -0.6768522331 0 0.2559402833 8.326672685e-17 0 -8.326672685e-17 0.2559402833 0 0 0 -0.01446884056
# exciton 4
0 0 0.9322269113 0 0 -1.190851696 0.9322269113 -1.190851696 0 0 0 1.190851696 0 0 0.9322269113 1.190851696 0.9322269113 0 -0.002578254871 0 0 0 -0.002578254871 0 0 0 0.0006124648823
