# exciton 0
0 0 -0.1367859931 0 0 -0.1527981383 -0.1367859931 -0.1527981383 0 0 0 0.1527981383 0 0 -0.1367859931 0.1527981383 -0.1367859931 0 0.4253633237 -1.301042607e-18 0 1.301042607e-18 0.4253633237 0 0 0 0.4575584493
# exciton 1
0 0 -0.4723595877 0 0 0.07769644611 -0.4723595877 0.07769644611 0 0 0 -0.07769644611 0 0 -0.4723595877 -0.07769644611 -0.4723595877 0 0.473522806 3.469446952e-18 0 -3.469446952e-18 0.473522806 0 0 0 0.8826293677
# exciton 2
0 0 0.3614528293 0 0 -0.5390506927 0.3614528293 -0.5390506927 0 0 0 0.5390506927 0 0 0.3614528293 0.5390506927 0.3614528293 0 -0.4391330664 2.775557562e-17 0 -2.775557562e-17 -0.4391330664 0 0 0 -0.2396490258
# exciton 3
0 0 -0.007346209762 0 0 0.6452248895 -0.007346209762 0.6452248895 0 0 0 -0.6452248895 0 0 -0.007346209762 -0.6452248895 -0.007346209762 0 0.09492874853 2.428612866e-17 0 -2.428612866e-17 0.09492874853 0 0 0 0.855041259
# exciton 4
0 0 0.009623254235 0 0 0.04585051074 0.009623254235 0.04585051074 0 0 0 -0.04585051074 0 0 0.009623254235 -0.04585051074 0.009623254235 0 -1.356926809 -5.377642776e-17 0 5.377642776e-17 -1.356926809 0 0 0 1.450354699
