# exciton 0
0 0 -0.2487647449 0 0 0.1016308523 -0.2487647449 0.1016308523 0 0 0 -0.1016308523 0 0 -0.2487647449 -0.1016308523 -0.2487647449 0 0.8021843936 -4.02239006e-17 0 3.32850067e-17 0.8021843936 0 0 0 1.003500572
# exciton 1
0 0 -0.2416591219 0 0 0.4569915545 -0.2416591219 0.4569915545 0 0 0 -0.4569915545 0 0 -0.2416591219 -0.4569915545 -0.2416591219 0 -1.60240688 -9.194034423e-17 0 5.03069808e-17 -1.60240688 0 0 0 0.05688668556
# exciton 2
0 0 0.2281471226 0 0 0.0543093799 0.2281471226 0.0543093799 0 0 0 -0.0543093799 0 0 0.2281471226 -0.0543093799 0.2281471226 0 -1.297396462 -1.045170894e-16 0 1.183948772e-16 -1.297396462 0 0 0 -0.4479049957
# exciton 3
0 0 -0.4193714949 0 0 -0.5289226831 -0.4193714949 -0.5289226831 0 0 0 0.5289226831 0 0 -0.4193714949 0.5289226831 -0.4193714949 0 0.3872916419 -6.938893904e-18 0 6.938893904e-18 0.3872916419 0 0 0 -1.295615107
# exciton 4
0 0 -0.1777962015 0 0 -0.06979342817 -0.1777962015 -0.06979342817 0 0 0 0.06979342817 0 0 -0.1777962015 0.06979342817 -0.1777962015 0 -0.08518665163 1.127570259e-16 0 -1.023486851e-16 -0.08518665163 0 0 0 0.9378317262
