# exciton 0
0 0 -0.01702632318 0 0 -0.1719005161 -0.01702632318 -0.1719005161 0 0 0 0.1719005161 0 0 -0.01702632318 0.1719005161 -0.01702632318 0 0.1218569626 -4.119968255e-18 0 4.119968255e-18 0.1218569626 0 0 0 0.1783473434
# exciton 1
0 0 0.2289382231 0 0 -0.3096315741 0.2289382231 -0.3096315741 0 0 0 0.3096315741 0 0 0.2289382231 0.3096315741 0.2289382231 0 -1.259766798 -2.949029909e-17 0 2.949029909e-17 -1.259766798 0 0 0 -0.7543751403
# exciton 2
0 0 -0.07921376169 0 0 -0.5402590144 -0.07921376169 -0.5402590144 0 0 0 0.5402590144 0 0 -0.07921376169 0.5402590144 -0.07921376169 0 -0.1094909852 -2.428612866e-17 0 1.734723476e-17 -0.1094909852 0 0 0 -0.2176719992
# exciton 3
0 0 0.2541758633 0 0 0.02749607724 0.2541758633 0.02749607724 0 0 0 -0.02749607724 0 0 0.2541758633 -0.02749607724 0.2541758633 0 0.4273660064 1.387778781e-17 0 -1.387778781e-17 0.4273660064 0 0 0 -2.026284918
# exciton 4
0 0 -0.2137007784 0 0 1.203478666 -0.2137007784 1.203478666 0 0 0 -1.203478666 0 0 -0.2137007784 -1.203478666 -0.2137007784 0 0.9988267324 2.602085214e-17 0 -1.908195824e-17 0.9988267324 0 0 0 -0.7070576165
