# exciton 0
0 0 0.06965596842 0 0 0.1393301504 0.06965596842 0.1393301504 0 0 0 -0.1393301504 0 0 0.06965596842 -0.1393301504 0.06965596842 0 -0.168348313 -6.071532166e-18 0 -8.67361738e-19 -0.168348313 0 0 0 -0.2677593494
# exciton 1
0 0 0.3917950205 0 0 -0.2933346264 0.3917950205 -0.2933346264 0 0 0 0.2933346264 0 0 0.3917950205 0.2933346264 0.3917950205 0 -0.5888824976 -6.245004514e-17 0 -2.081668171e-17 -0.5888824976 0 0 0 0.1051145083
# exciton 2
0 0 0.1666932819 0 0 0.09216818168 0.1666932819 0.09216818168 0 0 0 -0.09216818168 0 0 0.1666932819 -0.09216818168 0.1666932819 0 -1.028858806 -2.428612866e-17 0 5.204170428e-17 -1.028858806 0 0 0 -0.6805562869
# exciton 3
0 0 -1.537355594 0 0 0.5153275917 -1.537355594 0.5153275917 0 0 0 -0.5153275917 0 0 -1.537355594 -0.5153275917 -1.537355594 0 0.124902793 3.469446952e-17 0 -6.938893904e-18 0.124902793 0 0 0 -0.5870628376
# exciton 4
0 0 -0.2273109236 0 0 0.04920873654 -0.2273109236 0.04920873654 0 0 0 -0.04920873654 0 0 -0.2273109236 -0.04920873654 -0.2273109236 0 0.06753269893 2.706168623e-16 0 -2.775557562e-16 0.06753269893 0 0 0 1.980098484
