# exciton 0
0 0 -0.2513314168 0 0 -0.09640298245 -0.2513314168 -0.09640298245 0 0 0 0.09640298245 0 0 -0.2513314168 0.09640298245 -0.2513314168 0 0.686381394 1.908195824e-17 0 -1.908195824e-17 0.686381394 0 0 0 0.9067201206
# exciton 1
0 0 -0.6974943087 0 0 -0.6584516419 -0.6974943087 -0.6584516419 0 0 0 0.6584516419 0 0 -0.6974943087 0.6584516419 -0.6974943087 0 0.3429605982 0 0 0 0.3429605982 0 0 0 0.4466818711
# exciton 2
0 0 0.2508154594 0 0 -0.07453706942 0.2508154594 -0.07453706942 0 0 0 0.07453706942 0 0 0.2508154594 0.07453706942 0.2508154594 0 0.2259454815 -2.775557562e-17 0 2.775557562e-17 0.2259454815 0 0 0 0.1306422401
# exciton 3
0 0 0.4238100237 0 0 0.4102670208 0.4238100237 0.4102670208 0 0 0 -0.4102670208 0 0 0.4238100237 -0.4102670208 0.4238100237 0 -0.6689997149 2.775557562e-17 0 -2.775557562e-17 -0.6689997149 0 0 0 2.170862496
# exciton 4
0 0 -0.4636637838 0 0 0.3047410227 -0.4636637838 0.3047410227 0 0 0 -0.3047410227 0 0 -0.4636637838 -0.3047410227 -0.4636637838 0 -1.622147748 1.526556659e-16 0 -1.526556659e-16 -1.622147748 0 0 0 0.813890312
