# exciton 0
0 0 0.0737801852 0 0 0.08766762506 0.0737801852 0.08766762506 0 0 0 -0.08766762506 0 0 0.0737801852 -0.08766762506 0.0737801852 0 -0.2047267068 -2.428612866e-17 0 2.428612866e-17 -0.2047267068 0 0 0 -0.2041954751
# exciton 1
0 0 -0.2272084843 0 0 0.5945193609 -0.2272084843 0.5945193609 0 0 0 -0.5945193609 0 0 -0.2272084843 -0.5945193609 -0.2272084843 0 -0.2541918052 1.387778781e-17 0 -1.387778781e-17 -0.2541918052 0 0 0 -0.1260635177
# exciton 2
0 0 -0.283759563 0 0 -0.2795468856 -0.283759563 -0.2795468856 0 0 0 0.2795468856 0 0 -0.283759563 0.2795468856 -0.283759563 0 1.205758857 2.775557562e-17 0 -2.775557562e-17 1.205758857 0 0 0 0.4377661492
# exciton 3
0 0 0.6937003825 0 0 0.9136815741 0.6937003825 0.9136815741 0 0 0 -0.9136815741 0 0 0.6937003825 -0.9136815741 0.6937003825 0 -0.5769930879 -1.110223025e-16 0 1.110223025e-16 -0.5769930879 0 0 0 0.583996203
# exciton 4
0 0 -1.141108426 0 0 -0.7927608965 -1.141108426 -0.7927608965 0 0 0 0.7927608965 0 0 -1.141108426 0.7927608965 -1.141108426 0 -0.286171733 5.551115123e-17 0 -5.551115123e-17 -0.286171733 0 0 0 0.04463705692
