# exciton 0
0 0 0.01393488907 0 0 -0.004525401884 0.01393488907 -0.004525401884 0 0 0 0.004525401884 0 0 0.01393488907 0.004525401884 0.01393488907 0 -1.920246111 -7.806255642e-18 0 2.862293735e-17 -1.920246111 0 0 0 -0.9394040487
# exciton 1
0 0 -0.1882320198 0 0 0.2557493567 -0.1882320198 0.2557493567 0 0 0 -0.2557493567 0 0 -0.1882320198 -0.2557493567 -0.1882320198 0 0.2516645635 -3.469446952e-17 0 6.245004514e-17 0.2516645635 0 0 0 1.952185027
# exciton 2
0 0 -0.3976001076 0 0 0.4733127455 -0.3976001076 0.4733127455 0 0 0 -0.4733127455 0 0 -0.3976001076 -0.4733127455 -0.3976001076 0 0.7360119535 -6.245004514e-17 0 6.938893904e-18 0.7360119535 0 0 0 0.2145576488
# exciton 3
0 0 -0.6706997086 0 0 -0.6342888184 -0.6706997086 -0.6342888184 0 0 0 0.6342888184 0 0 -0.6706997086 0.6342888184 -0.6706997086 0 -0.02683959177 4.163336342e-17 0 -4.163336342e-17 -0.02683959177 0 0 0 -0.009597221573
# exciton 4
0 0 -0.3856714739 0 0 -0.9714769119 -0.3856714739 -0.9714769119 0 0 0 0.9714769119 0 0 -0.3856714739 0.9714769119 -0.3856714739 0 0.3521662293 -1.179611964e-16 0 9.714451465e-17 0.3521662293 0 0 0 1.030203951
