# exciton 0
0 0 -0.006580687887 0 0 -0.1733177757 -0.006580687887 -0.1733177757 0 0 0 0.1733177757 0 0 -0.006580687887 0.1733177757 -0.006580687887 0 -0.09453844116 8.67361738e-19 0 -8.67361738e-19 -0.09453844116 0 0 0 -0.117829852
# exciton 1
0 0 -0.2753844708 0 0 -0.1113098811 -0.2753844708 -0.1113098811 0 0 0 0.1113098811 0 0 -0.2753844708 0.1113098811 -0.2753844708 0 1.016872515 -4.510281038e-17 0 4.510281038e-17 1.016872515 0 0 0 1.018807321
# exciton 2
0 0 0.2792083445 0 0 -0.6155913565 0.2792083445 -0.6155913565 0 0 0 0.6155913565 0 0 0.2792083445 0.6155913565 0.2792083445 0 -0.1066354196 1.040834086e-17 0 -1.734723476e-17 -0.1066354196 0 0 0 -0.2140249006
# exciton 3
0 0 0.1127633224 0 0 0.2832763232 0.1127633224 0.2832763232 0 0 0 -0.2832763232 0 0 0.1127633224 -0.2832763232 0.1127633224 0 0.3592150479 -6.938893904e-18 0 6.938893904e-18 0.3592150479 0 0 0 0.4504285445
# exciton 4
0 0 0.4374328613 0 0 0.8950318252 0.4374328613 0.8950318252 0 0 0 -0.8950318252 0 0 0.4374328613 -0.8950318252 0.4374328613 0 -0.8329239372 -1.734723476e-17 0 1.734723476e-17 -0.8329239372 0 0 0 0.765949664
