# exciton 0
0 0 -0.1785526865 0 0 0.1294005289 -0.1785526865 0.1294005289 0 0 0 -0.1294005289 0 0 -0.1785526865 -0.1294005289 -0.1785526865 0 0.9547945472 -2.970713953e-17 0 2.970713953e-17 0.9547945472 0 0 0 0.8580418713
# exciton 1
0 0 0.0219875472 0 0 0.9069407468 0.0219875472 0.9069407468 0 0 0 -0.9069407468 0 0 0.0219875472 -0.9069407468 0.0219875472 0 -0.6897643771 -5.377642776e-17 0 5.377642776e-17 -0.6897643771 0 0 0 -0.3651922434
# exciton 2
0 0 -0.05119485481 0 0 0.02234959447 -0.05119485481 0.02234959447 0 0 0 -0.02234959447 0 0 -0.05119485481 -0.02234959447 -0.05119485481 0 -1.79526029 -9.36750677e-17 0 9.36750677e-17 -1.79526029 0 0 0 0.3292179412
# exciton 3
0 0 -0.8372257576 0 0 0.1123968281 -0.8372257576 0.1123968281 0 0 0 -0.1123968281 0 0 -0.8372257576 -0.1123968281 -0.8372257576 0 -0.005762775015 -1.387778781e-17 0 1.387778781e-17 -0.005762775015 0 0 0 0.08628620808
# exciton 4
0 0 0.6184971858 0 0 -1.206337239 0.6184971858 -1.206337239 0 0 0 1.206337239 0 0 0.6184971858 1.206337239 0.6184971858 0 0.02538039808 2.255140519e-17 0 -2.255140519e-17 0.02538039808 0 0 0 0.09029799753
