# exciton 0
0 0 -0.1350586794 0 0 -0.04916802054 -0.1350586794 -0.04916802054 0 0 0 0.04916802054 0 0 -0.1350586794 0.04916802054 -0.1350586794 0 0.6438632158 -9.324138683e-18 0 9.324138683e-18 0.6438632158 0 0 0 0.5611061363
# exciton 1
0 0 -0.2130355892 0 0 0.5700869627 -0.2130355892 0.5700869627 0 0 0 -0.5700869627 0 0 -0.2130355892 -0.5700869627 -0.2130355892 0 0.1986519463 6.245004514e-17 0 -6.245004514e-17 0.1986519463 0 0 0 0.3705902532
# exciton 2
0 0 0.2465172254 0 0 -0.4063937833 0.2465172254 -0.4063937833 0 0 0 0.4063937833 0 0 0.2465172254 0.4063937833 0.2465172254 0 -1.070052586 -8.67361738e-18 0 8.67361738e-18 -1.070052586 0 0 0 -0.07752183131
# exciton 3
0 0 -0.1367625215 0 0 0.7824631301 -0.1367625215 0.7824631301 0 0 0 -0.7824631301 0 0 -0.1367625215 -0.7824631301 -0.1367625215 0 0.3888505979 6.938893904e-18 0 -6.938893904e-18 0.3888505979 0 0 0 0.03262848227
# exciton 4
0 0 0.5663073629 0 0 -0.8180039081 0.5663073629 -0.8180039081 0 0 0 0.8180039081 0 0 0.5663073629 0.8180039081 0.5663073629 0 -0.6674441168 -6.591949209e-17 0 6.591949209e-17 -0.6674441168 0 0 0 0.6133665182
