# exciton 0
0 0 -0.01094787875 0 0 -0.1375763281 -0.01094787875 -0.1375763281 0 0 0 0.1375763281 0 0 -0.01094787875 0.1375763281 -0.01094787875 0 -0.03201477666 -2.602085214e-18 0 2.602085214e-18 -0.03201477666 0 0 0 -0.05249494064
# exciton 1
0 0 -0.2167638308 0 0 -0.4433142126 -0.2167638308 -0.4433142126 0 0 0 0.4433142126 0 0 -0.2167638308 0.4433142126 -0.2167638308 0 1.308043946 -2.081668171e-17 0 2.081668171e-17 1.308043946 0 0 0 0.4389584275
# exciton 2
0 0 -0.002670785705 0 0 -0.4240562773 -0.002670785705 -0.4240562773 0 0 0 0.4240562773 0 0 -0.002670785705 0.4240562773 -0.002670785705 0 0.2937758016 -4.510281038e-17 0 4.510281038e-17 0.2937758016 0 0 0 0.4296807507
# exciton 3
0 0 -0.4054590268 0 0 0.01300991675 -0.4054590268 0.01300991675 0 0 0 -0.01300991675 0 0 -0.4054590268 -0.01300991675 -0.4054590268 0 -0.9785103661 0 0 0 -0.9785103661 0 0 0 3.058750156
# exciton 4
0 0 0.07088715357 0 0 1.173004038 0.07088715357 1.173004038 0 0 0 -1.173004038 0 0 0.07088715357 -1.173004038 0.07088715357 0 -1.070281829 9.020562075e-17 0 -9.020562075e-17 -1.070281829 0 0 0 0.4625817132
