# exciton 0
0 0 -0.2347840772 0 0 0.006668033291 -0.2347840772 0.006668033291 0 0 0 -0.006668033291 0 0 -0.2347840772 -0.006668033291 -0.2347840772 0 0.6001082513 -3.122502257e-17 0 3.122502257e-17 0.6001082513 0 0 0 0.9021000797
# exciton 1
0 0 -0.2946051778 0 0 0.02722221001 -0.2946051778 0.02722221001 0 0 0 -0.02722221001 0 0 -0.2946051778 -0.02722221001 -0.2946051778 0 -1.892524705 -1.144917494e-16 0 1.144917494e-16 -1.892524705 0 0 0 0.1556047752
# exciton 2
0 0 0.3695498917 0 0 -0.1115156366 0.3695498917 -0.1115156366 0 0 0 0.1115156366 0 0 0.3695498917 0.1115156366 0.3695498917 0 -0.7747074593 -7.632783294e-17 0 7.632783294e-17 -0.7747074593 0 0 0 -0.881406356
# exciton 3
0 0 0.1158030352 0 0 -0.6425702248 0.1158030352 -0.6425702248 0 0 0 0.6425702248 0 0 0.1158030352 0.6425702248 0.1158030352 0 0.7829284851 0 0 0 0.7829284851 0 0 0 -2.415263338
# exciton 4
0 0 -0.5165129927 0 0 0.8151453348 -0.5165129927 0.8151453348 0 0 0 -0.8151453348 0 0 -0.5165129927 -0.8151453348 -0.5165129927 0 0.03108884688 1.249000903e-16 0 -1.249000903e-16 0.03108884688 0 0 0 1.017146929
