# exciton 0
0 0 -0.1497654432 0 0 0.1214573411 -0.1497654432 0.1214573411 0 0 0 -0.1214573411 0 0 -0.1497654432 -0.1214573411 -0.1497654432 0 0.6822928871 -3.426078865e-17 0 2.038300084e-17 0.6822928871 0 0 0 0.6387090604
# exciton 1
0 0 0.09401043056 0 0 0.8589634677 0.09401043056 0.8589634677 0 0 0 -0.8589634677 0 0 0.09401043056 -0.8589634677 0.09401043056 0 -0.3071052681 -6.245004514e-17 0 3.469446952e-17 -0.3071052681 0 0 0 -0.1572082536
# exciton 2
0 0 -0.002345796325 0 0 -0.1228584635 -0.002345796325 -0.1228584635 0 0 0 0.1228584635 0 0 -0.002345796325 0.1228584635 -0.002345796325 0 -1.704835725 3.469446952e-17 0 4.857225733e-17 -1.704835725 0 0 0 0.2124285314
# exciton 3
0 0 -0.932713756 0 0 0.5658898575 -0.932713756 0.5658898575 0 0 0 -0.5658898575 0 0 -0.932713756 -0.5658898575 -0.932713756 0 0.09425134884 -1.387778781e-17 0 1.387778781e-17 0.09425134884 0 0 0 0.1184793018
# exciton 4
0 0 0.8482046862 0 0 -1.217485704 0.8482046862 -1.217485704 0 0 0 1.217485704 0 0 0.8482046862 1.217485704 0.8482046862 0 0.09565848266 4.163336342e-17 0 -2.775557562e-17 0.09565848266 0 0 0 0.06752082088
