# exciton 0
0 0 0.2557105926 0 0 -0.1008099386 0.2557105926 -0.1008099386 0 0 0 0.1008099386 0 0 0.2557105926 0.1008099386 0.2557105926 0 -0.8497111248 1.561251128e-17 0 -1.561251128e-17 -0.8497111248 0 0 0 -0.9953391942
# exciton 1
0 0 0.7138951353 0 0 -0.5949079831 0.7138951353 -0.5949079831 0 0 0 0.5949079831 0 0 0.7138951353 0.5949079831 0.7138951353 0 -0.1940906303 0 0 0 -0.1940906303 0 0 0 -0.3798488764
# exciton 2
0 0 -0.3044545707 0 0 -0.02506168648 -0.3044545707 -0.02506168648 0 0 0 0.02506168648 0 0 -0.3044545707 0.02506168648 -0.3044545707 0 -0.1033818787 -1.387778781e-17 0 1.387778781e-17 -0.1033818787 0 0 0 -0.04790737641
# exciton 3
0 0 -0.5317176891 0 0 0.4057948442 -0.5317176891 0.4057948442 0 0 0 -0.4057948442 0 0 -0.5317176891 -0.4057948442 -0.5317176891 0 0.5181888081 2.775557562e-17 0 -2.775557562e-17 0.5181888081 0 0 0 -1.828546613
# exciton 4
0 0 0.5296676384 0 0 0.08238606949 0.5296676384 0.08238606949 0 0 0 -0.08238606949 0 0 0.5296676384 -0.08238606949 0.5296676384 0 1.711348038 1.110223025e-16 0 -1.110223025e-16 1.711348038 0 0 0 -0.9866112745
