# exciton 0
0 0 0.2372418905 0 0 0.02358566264 0.2372418905 0.02358566264 0 0 0 -0.02358566264 0 0 0.2372418905 -0.02358566264 0.2372418905 0 -1.178772707 2.862293735e-17 0 -2.862293735e-17 -1.178772707 0 0 0 -1.154125579
# exciton 1
0 0 0.6391906618 0 0 -0.7691739259 0.6391906618 -0.7691739259 0 0 0 0.7691739259 0 0 0.6391906618 0.7691739259 0.6391906618 0 0.210617202 0 0 0 0.210617202 0 0 0 0.3848745152
# exciton 2
0 0 -0.1373238963 0 0 0.415803599 -0.1373238963 0.415803599 0 0 0 -0.415803599 0 0 -0.1373238963 -0.415803599 -0.1373238963 0 -0.285243033 -2.081668171e-17 0 2.081668171e-17 -0.285243033 0 0 0 -0.3502969696
# exciton 3
0 0 -1.726484558 0 0 0.2355768484 -1.726484558 0.2355768484 0 0 0 -0.2355768484 0 0 -1.726484558 -0.2355768484 -1.726484558 0 -0.09701135886 2.775557562e-17 0 -2.775557562e-17 -0.09701135886 0 0 0 -0.08781333957
# exciton 4
0 0 -0.09338572118 0 0 -0.07029922287 -0.09338572118 -0.07029922287 0 0 0 0.07029922287 0 0 -0.09338572118 0.07029922287 -0.09338572118 0 0.5900217111 2.220446049e-16 0 -2.220446049e-16 0.5900217111 0 0 0 1.475439761
