# exciton 0
0 0 -0.08154768802 0 0 -0.1440340107 -0.08154768802 -0.1440340107 0 0 0 0.1440340107 0 0 -0.08154768802 0.1440340107 -0.08154768802 0 0.2520293303 -4.553649124e-18 0 4.553649124e-18 0.2520293303 0 0 0 0.3921846224
# exciton 1
0 0 0.06930784377 0 0 -0.3305307608 0.06930784377 -0.3305307608 0 0 0 0.3305307608 0 0 0.06930784377 0.3305307608 0.06930784377 0 -1.520374828 -6.245004514e-17 0 6.245004514e-17 -1.520374828 0 0 0 -0.4863886728
# exciton 2
0 0 0.09317236254 0 0 -0.4551245109 0.09317236254 -0.4551245109 0 0 0 0.4551245109 0 0 0.09317236254 0.4551245109 0.09317236254 0 -0.2394986665 -3.989863995e-17 0 3.989863995e-17 -0.2394986665 0 0 0 -0.5173421418
# exciton 3
0 0 0.3590514021 0 0 -0.2148382262 0.3590514021 -0.2148382262 0 0 0 0.2148382262 0 0 0.3590514021 0.2148382262 0.3590514021 0 0.6739924295 -6.938893904e-18 0 6.938893904e-18 0.6739924295 0 0 0 -2.488757191
# exciton 4
0 0 -0.33652914 0 0 1.341742374 -0.33652914 1.341742374 0 0 0 -1.341742374 0 0 -0.33652914 -1.341742374 -0.33652914 0 0.7545837041 6.591949209e-17 0 -6.591949209e-17 0.7545837041 0 0 0 -0.2136840082
