# exciton 0
0 0 0.01709404214 0 0 -0.1243899909 0.01709404214 -0.1243899909 0 0 0 0.1243899909 0 0 0.01709404214 0.1243899909 0.01709404214 0 -0.2246717503 1.734723476e-18 0 -1.734723476e-18 -0.2246717503 0 0 0 -0.2435261909
# exciton 1
0 0 -0.1193406486 0 0 0.06345605205 -0.1193406486 0.06345605205 0 0 0 -0.06345605205 0 0 -0.1193406486 -0.06345605205 -0.1193406486 0 0.9543198753 0 0 0 0.9543198753 0 0 0 1.023642127
# exciton 2
0 0 0.4136967684 0 0 -0.5751343824 0.4136967684 -0.5751343824 0 0 0 0.5751343824 0 0 0.4136967684 0.5751343824 0.4136967684 0 -0.244652076 3.469446952e-17 0 -3.469446952e-17 -0.244652076 0 0 0 -0.5961965811
# exciton 3
0 0 0.4512790117 0 0 0.4302261778 0.4512790117 0.4302261778 0 0 0 -0.4302261778 0 0 0.4512790117 -0.4302261778 0.4512790117 0 1.173796387 0 0 0 1.173796387 0 0 0 -1.251409151
# exciton 4
0 0 0.9423503473 0 0 0.6209749017 0.9423503473 0.6209749017 0 0 0 -0.6209749017 0 0 0.9423503473 -0.6209749017 0.9423503473 0 -0.2373140565 -1.387778781e-17 0 1.387778781e-17 -0.2373140565 0 0 0 0.2018903031
