# exciton 0
0 0 0.01645138873 0 0 0.06912918322 0.01645138873 0.06912918322 0 0 0 -0.06912918322 0 0 0.01645138873 -0.06912918322 0.01645138873 0 -0.2277467941 3.469446952e-18 0 -3.469446952e-18 -0.2277467941 0 0 0 -0.2308794004
# exciton 1
0 0 0.3629015498 0 0 0.2697941443 0.3629015498 0.2697941443 0 0 0 -0.2697941443 0 0 0.3629015498 -0.2697941443 0.3629015498 0 0.6263166317 4.163336342e-17 0 -4.163336342e-17 0.6263166317 0 0 0 0.3171341975
# exciton 2
0 0 0.4989985813 0 0 -0.2532336646 0.4989985813 -0.2532336646 0 0 0 0.2532336646 0 0 0.4989985813 0.2532336646 0.4989985813 0 -0.7245791723 3.469446952e-17 0 -3.469446952e-17 -0.7245791723 0 0 0 -0.990900399
# exciton 3
0 0 -0.4293399568 0 0 0.8557145101 -0.4293399568 0.8557145101 0 0 0 -0.8557145101 0 0 -0.4293399568 -0.8557145101 -0.4293399568 0 1.035420139 -2.775557562e-17 0 2.775557562e-17 1.035420139 0 0 0 -1.409686468
# exciton 4
0 0 1.227558388 0 0 -0.2843653825 1.227558388 -0.2843653825 0 0 0 0.2843653825 0 0 1.227558388 0.2843653825 1.227558388 0 0.4515430916 1.665334537e-16 0 -1.665334537e-16 0.4515430916 0 0 0 0.00293676502
