# exciton 0
0 0 -0.1143261389 0 0 -0.1441308396 -0.1143261389 -0.1441308396 0 0 0 0.1441308396 0 0 -0.1143261389 0.1441308396 -0.1143261389 0 0.3320710243 -4.445228907e-18 0 4.445228907e-18 0.3320710243 0 0 0 0.3541576538
# exciton 1
0 0 -0.4012348241 0 0 0.1403176182 -0.4012348241 0.1403176182 0 0 0 -0.1403176182 0 0 -0.4012348241 -0.1403176182 -0.4012348241 0 0.5321455807 1.734723476e-17 0 -1.734723476e-17 0.5321455807 0 0 0 0.898636475
# exciton 2
0 0 0.3763422848 0 0 -0.5722187998 0.3763422848 -0.5722187998 0 0 0 0.5722187998 0 0 0.3763422848 0.5722187998 0.3763422848 0 -0.4694695881 3.295974604e-17 0 -3.295974604e-17 -0.4694695881 0 0 0 -0.3135587128
# exciton 3
0 0 0.05137105411 0 0 0.6688155884 0.05137105411 0.6688155884 0 0 0 -0.6688155884 0 0 0.05137105411 -0.6688155884 0.05137105411 0 0.3171154818 -1.040834086e-17 0 1.040834086e-17 0.3171154818 0 0 0 0.4177439431
# exciton 4
0 0 0.2315671948 0 0 0.06693485487 0.2315671948 0.06693485487 0 0 0 -0.06693485487 0 0 0.2315671948 -0.06693485487 0.2315671948 0 -1.115070826 -5.377642776e-17 0 5.377642776e-17 -1.115070826 0 0 0 1.182982259
