# exciton 0
0 0 -0.1230663815 0 0 -0.1782974326 -0.1230663815 -0.1782974326 0 0 0 0.1782974326 0 0 -0.1230663815 0.1782974326 -0.1230663815 0 0.2788726453 -2.602085214e-18 0 2.602085214e-18 0.2788726453 0 0 0 0.3584210996
# exciton 1
0 0 -0.5058686468 0 0 -0.2237938819 -0.5058686468 -0.2237938819 0 0 0 0.2237938819 0 0 -0.5058686468 0.2237938819 -0.5058686468 0 0.7085333514 -6.938893904e-18 0 6.938893904e-18 0.7085333514 0 0 0 0.9225828521
# exciton 2
0 0 0.2971551848 0 0 -0.5356819241 0.2971551848 -0.5356819241 0 0 0 0.5356819241 0 0 0.2971551848 0.5356819241 0.2971551848 0 -0.1071979874 6.938893904e-18 0 -6.938893904e-18 -0.1071979874 0 0 0 -0.09735607596
# exciton 3
0 0 -0.1628059214 0 0 0.4459596228 -0.1628059214 0.4459596228 0 0 0 -0.4459596228 0 0 -0.1628059214 -0.4459596228 -0.1628059214 0 -0.3652696665 -4.163336342e-17 0 4.163336342e-17 -0.3652696665 0 0 0 1.843013882
# exciton 4
0 0 -0.1985537203 0 0 0.584302814 -0.1985537203 0.584302814 0 0 0 -0.584302814 0 0 -0.1985537203 -0.584302814 -0.1985537203 0 -1.548274654 6.938893904e-18 0 -6.938893904e-18 -1.548274654 0 0 0 1.548305664
