# exciton 0
0 0 -0.1292057141 0 0 0.1660053226 -0.1292057141 0.1660053226 0 0 0 -0.1660053226 0 0 -0.1292057141 -0.1660053226 -0.1292057141 0 0.4168146113 -3.686287386e-17 0 3.686287386e-17 0.4168146113 0 0 0 0.4686097581
# exciton 1
0 0 0.1747591767 0 0 0.6589875175 0.1747591767 0.6589875175 0 0 0 -0.6589875175 0 0 0.1747591767 -0.6589875175 0.1747591767 0 -0.4150678289 1.387778781e-17 0 -1.387778781e-17 -0.4150678289 0 0 0 -0.02734258797
# exciton 2
0 0 0.05585045599 0 0 -0.07028757134 0.05585045599 -0.07028757134 0 0 0 0.07028757134 0 0 0.05585045599 0.07028757134 0.05585045599 0 -1.620135298 -6.245004514e-17 0 6.245004514e-17 -1.620135298 0 0 0 -0.06029781151
# exciton 3
0 0 -1.281183058 0 0 0.6022959711 -1.281183058 0.6022959711 0 0 0 -0.6022959711 0 0 -1.281183058 -0.6022959711 -1.281183058 0 0.03536863557 -8.326672685e-17 0 8.326672685e-17 0.03536863557 0 0 0 0.07740005195
# exciton 4
0 0 0.6649189071 0 0 -0.9370997013 0.6649189071 -0.9370997013 0 0 0 0.9370997013 0 0 0.6649189071 0.9370997013 0.6649189071 0 0.1658768866 1.179611964e-16 0 -1.179611964e-16 0.1658768866 0 0 0 0.5281671393
