# exciton 0
0 0 0.08493678687 0 0 0.09374741657 0.08493678687 0.09374741657 0 0 0 -0.09374741657 0 0 0.08493678687 -0.09374741657 0.08493678687 0 -0.5282320774 1.387778781e-17 0 -2.775557562e-17 -0.5282320774 0 0 0 -0.5364889313
# exciton 1
0 0 0.5103325678 0 0 -0.01010149367 0.5103325678 -0.01010149367 0 0 0 0.01010149367 0 0 0.5103325678 0.01010149367 0.5103325678 0 0.7067295326 0 0 0 0.7067295326 0 0 0 0.3371823709
# exciton 2
0 0 0.5253780105 0 0 -0.06443180353 0.5253780105 -0.06443180353 0 0 0 0.06443180353 0 0 0.5253780105 0.06443180353 0.5253780105 0 -0.5320258054 2.775557562e-17 0 0 -0.5320258054 0 0 0 -1.196853831
# exciton 3
0 0 -0.7105670341 0 0 0.7150051021 -0.7105670341 0.7150051021 0 0 0 -0.7150051021 0 0 -0.7105670341 -0.7150051021 -0.7105670341 0 0.9573747619 -2.775557562e-17 0 2.775557562e-17 0.9573747619 0 0 0 -1.367069482
# exciton 4
0 0 0.9715570445 0 0 -0.08496625657 0.9715570445 -0.08496625657 0 0 0 0.08496625657 0 0 0.9715570445 0.08496625657 0.9715570445 0 0.4393304375 1.387778781e-16 0 -1.387778781e-16 0.4393304375 0 0 0 0.5410426899
