# exciton 0
0 0 0.1576022554 0 0 0.0226605049 0.1576022554 0.0226605049 0 0 0 -0.0226605049 0 0 0.1576022554 -0.0226605049 0.1576022554 0 -1.549809967 -3.361026735e-17 0 4.054916125e-17 -1.549809967 0 0 0 -1.15283832
# exciton 1
0 0 -0.09544553183 0 0 0.4267652059 -0.09544553183 0.4267652059 0 0 0 -0.4267652059 0 0 -0.09544553183 -0.4267652059 -0.09544553183 0 1.194399924 -9.020562075e-17 0 1.179611964e-16 1.194399924 0 0 0 1.514840595
# exciton 2
0 0 -0.5303836126 0 0 0.2854630957 -0.5303836126 0.2854630957 0 0 0 -0.2854630957 0 0 -0.5303836126 -0.2854630957 -0.5303836126 0 0.7386707097 -7.806255642e-17 0 2.255140519e-17 0.7386707097 0 0 0 0.8020999074
# exciton 3
0 0 -0.03065224411 0 0 -1.247422963 -0.03065224411 -1.247422963 0 0 0 1.247422963 0 0 -0.03065224411 1.247422963 -0.03065224411 0 0.08976604897 -5.204170428e-17 0 5.204170428e-17 0.08976604897 0 0 0 0.3816305699
# exciton 4
0 0 -0.08379947409 0 0 -0.01387206278 -0.08379947409 -0.01387206278 0 0 0 0.01387206278 0 0 -0.08379947409 0.01387206278 -0.08379947409 0 -0.06348221849 -5.898059818e-17 0 5.03069808e-17 -0.06348221849 0 0 0 0.586428435
