# exciton 0
0 0 -0.1049797339 0 0 -0.1424889768 -0.1049797339 -0.1424889768 0 0 0 0.1424889768 0 0 -0.1049797339 0.1424889768 -0.1049797339 0 0.2892936288 -1.734723476e-18 0 1.734723476e-18 0.2892936288 0 0 0 0.3095805024
# exciton 1
0 0 -0.3774002134 0 0 0.1463501 -0.3774002134 0.1463501 0 0 0 -0.1463501 0 0 -0.3774002134 -0.1463501 -0.3774002134 0 0.5642637687 0 0 0 0.5642637687 0 0 0 0.9102511856
# exciton 2
0 0 0.3826226971 0 0 -0.5830277391 0.3826226971 -0.5830277391 0 0 0 0.5830277391 0 0 0.3826226971 0.5830277391 0.3826226971 0 -0.4612198207 2.688821388e-17 0 -2.688821388e-17 -0.4612198207 0 0 0 -0.3423518091
# exciton 3
0 0 0.07613526682 0 0 0.6667663771 0.07613526682 0.6667663771 0 0 0 -0.6667663771 0 0 0.07613526682 -0.6667663771 0.07613526682 0 0.3896431855 2.081668171e-17 0 -2.081668171e-17 0.3896431855 0 0 0 0.278687663
# exciton 4
0 0 0.3032589873 0 0 0.1025930982 0.3032589873 0.1025930982 0 0 0 -0.1025930982 0 0 0.3032589873 -0.1025930982 0.3032589873 0 -1.034934887 -5.03069808e-17 0 5.03069808e-17 -1.034934887 0 0 0 1.091692724
