# exciton 0
0 0 -0.1883883205 0 0 0.1627306656 -0.1883883205 0.1627306656 0 0 0 -0.1627306656 0 0 -0.1883883205 -0.1627306656 -0.1883883205 0 0.6562488893 -4.96564595e-17 0 3.577867169e-17 0.6562488893 0 0 0 0.7483619052
# exciton 1
0 0 -0.006518224775 0 0 0.7013205852 -0.006518224775 0.7013205852 0 0 0 -0.7013205852 0 0 -0.006518224775 -0.7013205852 -0.006518224775 0 -0.9189894509 -7.285838599e-17 0 3.122502257e-17 -0.9189894509 0 0 0 -0.01857126084
# exciton 2
0 0 0.002008225107 0 0 0.01712538833 0.002008225107 0.01712538833 0 0 0 -0.01712538833 0 0 0.002008225107 -0.01712538833 0.002008225107 0 -1.709649754 -8.67361738e-17 0 1.700029006e-16 -1.709649754 0 0 0 0.06199896734
# exciton 3
0 0 -1.093996632 0 0 0.1646829878 -1.093996632 0.1646829878 0 0 0 -0.1646829878 0 0 -1.093996632 -0.1646829878 -1.093996632 0 0.02578893039 -1.040834086e-17 0 1.040834086e-17 0.02578893039 0 0 0 -0.1473682706
# exciton 4
0 0 0.355123718 0 0 -0.8357167174 0.355123718 -0.8357167174 0 0 0 0.8357167174 0 0 0.355123718 0.8357167174 0.355123718 0 0.02946003637 1.249000903e-16 0 -1.214306433e-16 0.02946003637 0 0 0 0.69532365
