# exciton 0
0 0 -0.0022828451 0 0 0.004853928566 -0.0022828451 0.004853928566 0 0 0 -0.004853928566 0 0 -0.0022828451 -0.004853928566 -0.0022828451 0 1.977245339 -7.372574773e-18 0 4.33680869e-19 1.977245339 0 0 0 0.9532591339
# exciton 1
0 0 0.3008153351 0 0 0.2237440869 0.3008153351 0.2237440869 0 0 0 -0.2237440869 0 0 0.3008153351 -0.2237440869 0.3008153351 0 -0.3737271347 -4.510281038e-17 0 4.510281038e-17 -0.3737271347 0 0 0 -2.284187488
# exciton 2
0 0 0.4756657982 0 0 0.5293323195 0.4756657982 0.5293323195 0 0 0 -0.5293323195 0 0 0.4756657982 -0.5293323195 0.4756657982 0 -0.6073993902 -8.500145032e-17 0 2.949029909e-17 -0.6073993902 0 0 0 -0.4224572468
# exciton 3
0 0 0.6062288749 0 0 -0.9213380843 0.6062288749 -0.9213380843 0 0 0 0.9213380843 0 0 0.6062288749 0.9213380843 0.6062288749 0 -0.09101991067 2.081668171e-17 0 -2.081668171e-17 -0.09101991067 0 0 0 0.04019105208
# exciton 4
0 0 0.4532636834 0 0 -0.6976641604 0.4532636834 -0.6976641604 0 0 0 0.6976641604 0 0 0.4532636834 0.6976641604 0.4532636834 0 -0.07195817698 -7.979727989e-17 0 2.428612866e-17 -0.07195817698 0 0 0 -1.458701742
