# exciton 0
0 0 -0.106102448 0 0 0.03558213932 -0.106102448 0.03558213932 0 0 0 -0.03558213932 0 0 -0.106102448 -0.03558213932 -0.106102448 0 0.192491838 -1.040834086e-17 0 -3.469446952e-18 0.192491838 0 0 0 0.3375712317
# exciton 1
0 0 -0.3345538802 0 0 -0.5612284821 -0.3345538802 -0.5612284821 0 0 0 0.5612284821 0 0 -0.3345538802 0.5612284821 -0.3345538802 0 0.9291374869 -2.775557562e-17 0 2.775557562e-17 0.9291374869 0 0 0 -0.0537979428
# exciton 2
0 0 -0.07512399221 0 0 -0.01839127639 -0.07512399221 -0.01839127639 0 0 0 0.01839127639 0 0 -0.07512399221 0.01839127639 -0.07512399221 0 0.7789437067 -3.469446952e-17 0 6.245004514e-17 0.7789437067 0 0 0 0.6052278701
# exciton 3
0 0 0.7278272312 0 0 0.3029106289 0.7278272312 0.3029106289 0 0 0 -0.3029106289 0 0 0.7278272312 -0.3029106289 0.7278272312 0 -0.6916960546 5.551115123e-17 0 0 -0.6916960546 0 0 0 2.071189831
# exciton 4
0 0 0.2511593102 0 0 0.5524526591 0.2511593102 0.5524526591 0 0 0 -0.5524526591 0 0 0.2511593102 -0.5524526591 0.2511593102 0 -0.4742841882 3.053113318e-16 0 -2.775557562e-16 -0.4742841882 0 0 0 -1.315908537
