# exciton 0
0 0 0.1269006712 0 0 -0.04927227122 0.1269006712 -0.04927227122 0 0 0 0.04927227122 0 0 0.1269006712 0.04927227122 0.1269006712 0 -1.086456099 1.908195824e-17 0 -1.908195824e-17 -1.086456099 0 0 0 -0.9132782279
# exciton 1
0 0 0.06824976638 0 0 -0.1864089731 0.06824976638 -0.1864089731 0 0 0 0.1864089731 0 0 0.06824976638 0.1864089731 0.06824976638 0 1.097179385 0 0 0 1.097179385 0 0 0 1.482207869
# exciton 2
0 0 0.1645530604 0 0 -0.07158047938 0.1645530604 -0.07158047938 0 0 0 0.07158047938 0 0 0.1645530604 0.07158047938 0.1645530604 0 -0.04078197095 1.387778781e-17 0 -1.387778781e-17 -0.04078197095 0 0 0 -0.463840865
# exciton 3
0 0 0.5289882222 0 0 -0.3061396874 0.5289882222 -0.3061396874 0 0 0 0.3061396874 0 0 0.5289882222 0.3061396874 0.5289882222 0 1.745818463 -2.775557562e-17 0 2.775557562e-17 1.745818463 0 0 0 -2.595319658
# exciton 4
0 0 0.9231914017 0 0 0.849394526 0.9231914017 0.849394526 0 0 0 -0.849394526 0 0 0.9231914017 -0.849394526 0.9231914017 0 0.2812239926 4.163336342e-17 0 -4.163336342e-17 0.2812239926 0 0 0 0.3763964179
