# exciton 0
0 0 0.004466731273 0 0 -0.003518271871 0.004466731273 -0.003518271871 0 0 0 0.003518271871 0 0 0.004466731273 0.003518271871 0.004466731273 0 -1.979242175 -6.938893904e-18 0 0 -1.979242175 0 0 0 -0.9645354363
# exciton 1
0 0 -0.2252598562 0 0 -0.03659697758 -0.2252598562 -0.03659697758 0 0 0 0.03659697758 0 0 -0.2252598562 0.03659697758 -0.2252598562 0 0.3005359603 -2.081668171e-17 0 1.040834086e-16 0.3005359603 0 0 0 2.266480026
# exciton 2
0 0 -0.4778321605 0 0 0.5810672407 -0.4778321605 0.5810672407 0 0 0 -0.5810672407 0 0 -0.4778321605 -0.5810672407 -0.4778321605 0 0.3655430492 -2.949029909e-17 0 1.734723476e-18 0.3655430492 0 0 0 0.3863985265
# exciton 3
0 0 -0.8821635769 0 0 -0.8039811085 -0.8821635769 -0.8039811085 0 0 0 0.8039811085 0 0 -0.8821635769 0.8039811085 -0.8821635769 0 0.09648733682 6.938893904e-18 0 -3.469446952e-17 0.09648733682 0 0 0 -0.08084955367
# exciton 4
0 0 -0.4072844692 0 0 -0.5555838377 -0.4072844692 -0.5555838377 0 0 0 0.5555838377 0 0 -0.4072844692 0.5555838377 -0.4072844692 0 0.1242240528 -4.857225733e-17 0 5.551115123e-17 0.1242240528 0 0 0 1.665074569
