# exciton 0
0 0 0.1136795822 0 0 -0.1473842995 0.1136795822 -0.1473842995 0 0 0 0.1473842995 0 0 0.1136795822 0.1473842995 0.1136795822 0 -0.3530805798 -4.988755628e-18 0 4.988755628e-18 -0.3530805798 0 0 0 -0.5230782474
# exciton 1
0 0 -0.0324937134 0 0 -0.2797082254 -0.0324937134 -0.2797082254 0 0 0 0.2797082254 0 0 -0.0324937134 0.2797082254 -0.0324937134 0 1.563144175 -6.205793045e-17 0 6.205793045e-17 1.563144175 0 0 0 0.5773353581
# exciton 2
0 0 -0.1171769323 0 0 -0.4593774836 -0.1171769323 -0.4593774836 0 0 0 0.4593774836 0 0 -0.1171769323 0.4593774836 -0.1171769323 0 0.1961089544 -4.24015951e-17 0 4.24015951e-17 0.1961089544 0 0 0 0.5198962939
# exciton 3
0 0 -0.2617749185 0 0 -0.3064011325 -0.2617749185 -0.3064011325 0 0 0 0.3064011325 0 0 -0.2617749185 0.3064011325 -0.2617749185 0 -0.4264165487 -2.404208943e-17 0 2.404208943e-17 -0.4264165487 0 0 0 2.005859061
# exciton 4
0 0 0.4544516605 0 0 1.389384658 0.4544516605 1.389384658 0 0 0 -1.389384658 0 0 0.4544516605 -1.389384658 0.4544516605 0 -0.614514233 4.789539998e-17 0 -4.789539998e-17 -0.614514233 0 0 0 0.1408915762
