# exciton 0
0 0 -0.08407634036 0 0 -0.02774289645 -0.08407634036 -0.02774289645 0 0 0 0.02774289645 0 0 -0.08407634036 0.02774289645 -0.08407634036 0 1.67821343 7.806255642e-18 0 -8.67361738e-19 1.67821343 0 0 0 1.06183296
# exciton 1
0 0 0.2102344502 0 0 -0.1127511404 0.2102344502 -0.1127511404 0 0 0 0.1127511404 0 0 0.2102344502 0.1127511404 0.2102344502 0 -0.8781325527 -4.163336342e-17 0 9.714451465e-17 -0.8781325527 0 0 0 -2.238917172
# exciton 2
0 0 0.4243815483 0 0 0.3336914 0.4243815483 0.3336914 0 0 0 -0.3336914 0 0 0.4243815483 -0.3336914 0.4243815483 0 -0.09194902107 -1.734723476e-17 0 -1.040834086e-17 -0.09194902107 0 0 0 -0.5243993004
# exciton 3
0 0 -0.009301381976 0 0 -1.083785395 -0.009301381976 -1.083785395 0 0 0 1.083785395 0 0 -0.009301381976 1.083785395 -0.009301381976 0 -1.004873191 0 0 5.551115123e-17 -1.004873191 0 0 0 1.330834401
# exciton 4
0 0 -0.1331499145 0 0 0.5191273811 -0.1331499145 0.5191273811 0 0 0 -0.5191273811 0 0 -0.1331499145 -0.5191273811 -0.1331499145 0 0.04117434838 -6.938893904e-18 0 6.938893904e-18 0.04117434838 0 0 0 -1.316969271
