# exciton 0
0 0 -0.1263803001 0 0 0.01888513432 -0.1263803001 0.01888513432 0 0 0 -0.01888513432 0 0 -0.1263803001 -0.01888513432 -0.1263803001 0 0.5927406362 -1.95156391e-17 0 1.95156391e-17 0.5927406362 0 0 0 0.5186217907
# exciton 1
0 0 -0.03273286078 0 0 0.7252061765 -0.03273286078 0.7252061765 0 0 0 -0.7252061765 0 0 -0.03273286078 -0.7252061765 -0.03273286078 0 0.125887441 -3.469446952e-17 0 3.469446952e-17 0.125887441 0 0 0 0.1549821918
# exciton 2
0 0 0.1767728417 0 0 -0.3378813664 0.1767728417 -0.3378813664 0 0 0 0.3378813664 0 0 0.1767728417 0.3378813664 0.1767728417 0 -1.311203624 6.938893904e-18 0 -6.938893904e-18 -1.311203624 0 0 0 -0.02914336424
# exciton 3
0 0 -0.3848766931 0 0 0.8101759983 -0.3848766931 0.8101759983 0 0 0 -0.8101759983 0 0 -0.3848766931 -0.8101759983 -0.3848766931 0 0.4254008062 -4.163336342e-17 0 4.163336342e-17 0.4254008062 0 0 0 -0.1780737633
# exciton 4
0 0 0.8862962014 0 0 -1.01745905 0.8862962014 -1.01745905 0 0 0 1.01745905 0 0 0.8862962014 1.01745905 0.8862962014 0 -0.2023643455 -2.081668171e-17 0 2.081668171e-17 -0.2023643455 0 0 0 0.1369408836
