# exciton 0
0 0 0.18047314 0 0 -0.1088600504 0.18047314 -0.1088600504 0 0 0 0.1088600504 0 0 0.18047314 0.1088600504 0.18047314 0 -0.5088789911 -6.872381689e-18 0 6.872381689e-18 -0.5088789911 0 0 0 -0.7535269818
# exciton 1
0 0 0.1186077359 0 0 -0.2113922248 0.1186077359 -0.2113922248 0 0 0 0.2113922248 0 0 0.1186077359 0.2113922248 0.1186077359 0 1.768622233 -9.479516807e-17 0 9.479516807e-17 1.768622233 0 0 0 0.3628383709
# exciton 2
0 0 -0.2900875548 0 0 -0.3415405358 -0.2900875548 -0.3415405358 0 0 0 0.3415405358 0 0 -0.2900875548 0.3415405358 -0.2900875548 0 0.3099481802 -8.318860258e-17 0 8.318860258e-17 0.3099481802 0 0 0 0.7975774259
# exciton 3
0 0 -0.2952380748 0 0 -0.566644054 -0.2952380748 -0.566644054 0 0 0 0.566644054 0 0 -0.2952380748 0.566644054 -0.2952380748 0 -0.5491394822 -2.733965535e-17 0 2.733965535e-17 -0.5491394822 0 0 0 2.189361899
# exciton 4
0 0 0.5539337119 0 0 1.36925737 0.5539337119 1.36925737 0 0 0 -1.36925737 0 0 0.5539337119 -1.36925737 0.5539337119 0 -0.354139983 6.358380158e-17 0 -6.358380158e-17 -0.354139983 0 0 0 -0.2861688428
