# exciton 0
0 0 0.2189251767 0 0 -0.1035836503 0.2189251767 -0.1035836503 0 0 0 0.1035836503 0 0 0.2189251767 0.1035836503 0.2189251767 0 -1.134848344 5.204170428e-18 0 1.734723476e-18 -1.134848344 0 0 0 -1.037869433
# exciton 1
0 0 0.6192144654 0 0 -0.3450798971 0.6192144654 -0.3450798971 0 0 0 0.3450798971 0 0 0.6192144654 0.3450798971 0.6192144654 0 -0.02579826455 1.387778781e-17 0 -1.387778781e-17 -0.02579826455 0 0 0 -0.1004660232
# exciton 2
0 0 -0.3614047417 0 0 0.03547444526 -0.3614047417 0.03547444526 0 0 0 -0.03547444526 0 0 -0.3614047417 -0.03547444526 -0.3614047417 0 0.2078408374 -1.387778781e-17 0 -1.387778781e-17 0.2078408374 0 0 0 0.04712597814
# exciton 3
0 0 -0.5897586702 0 0 0.342767219 -0.5897586702 0.342767219 0 0 0 -0.342767219 0 0 -0.5897586702 -0.342767219 -0.5897586702 0 0.2725043734 5.551115123e-17 0 -5.551115123e-17 0.2725043734 0 0 0 -1.263410455
# exciton 4
0 0 0.5271858393 0 0 -0.3760338294 0.5271858393 -0.3760338294 0 0 0 0.3760338294 0 0 0.5271858393 0.3760338294 0.5271858393 0 1.740708573 5.551115123e-17 0 -5.551115123e-17 1.740708573 0 0 0 -1.173462285
