# exciton 0
0 0 -0.08437845874 0 0 -0.04220821773 -0.08437845874 -0.04220821773 0 0 0 0.04220821773 0 0 -0.08437845874 0.04220821773 -0.08437845874 0 0.627112588 1.214306433e-17 0 -1.214306433e-17 0.627112588 0 0 0 0.5979215766
# exciton 1
0 0 -0.1567745261 0 0 -0.00878792155 -0.1567745261 -0.00878792155 0 0 0 0.00878792155 0 0 -0.1567745261 0.00878792155 -0.1567745261 0 -1.019104641 0 0 0 -1.019104641 0 0 0 -0.9929398481
# exciton 2
0 0 -0.4713667729 0 0 -0.3158697334 -0.4713667729 -0.3158697334 0 0 0 0.3158697334 0 0 -0.4713667729 0.3158697334 -0.4713667729 0 0.1978701024 3.469446952e-17 0 -3.469446952e-17 0.1978701024 0 0 0 0.9392231698
# exciton 3
0 0 -0.5019183091 0 0 0.317234612 -0.5019183091 0.317234612 0 0 0 -0.317234612 0 0 -0.5019183091 -0.317234612 -0.5019183091 0 -1.738175212 0 0 0 -1.738175212 0 0 0 2.542668371
# exciton 4
0 0 -1.238599674 0 0 0.5550546277 -1.238599674 0.5550546277 0 0 0 -0.5550546277 0 0 -1.238599674 -0.5550546277 -1.238599674 0 -0.363816847 5.551115123e-17 0 -5.551115123e-17 -0.363816847 0 0 0 0.07569466216
