# exciton 0
0 0 -0.1604291028 0 0 0.07399343711 -0.1604291028 0.07399343711 0 0 0 -0.07399343711 0 0 -0.1604291028 -0.07399343711 -0.1604291028 0 1.186758407 2.688821388e-17 0 -2.688821388e-17 1.186758407 0 0 0 1.014114321
# exciton 1
0 0 -0.487775103 0 0 -0.5271248797 -0.487775103 -0.5271248797 0 0 0 0.5271248797 0 0 -0.487775103 0.5271248797 -0.487775103 0 -0.6534498613 -2.775557562e-17 0 2.775557562e-17 -0.6534498613 0 0 0 -0.8573520187
# exciton 2
0 0 -0.2275400232 0 0 0.3611998938 -0.2275400232 0.3611998938 0 0 0 -0.3611998938 0 0 -0.2275400232 -0.3611998938 -0.2275400232 0 0.2297361291 0 0 0 0.2297361291 0 0 0 0.8806996087
# exciton 3
0 0 1.253817907 0 0 0.1626835172 1.253817907 0.1626835172 0 0 0 -0.1626835172 0 0 1.253817907 -0.1626835172 1.253817907 0 -0.5186059652 -1.387778781e-17 0 1.387778781e-17 -0.5186059652 0 0 0 0.733197304
# exciton 4
0 0 -0.140428584 0 0 0.122652547 -0.140428584 0.122652547 0 0 0 -0.122652547 0 0 -0.140428584 -0.122652547 -0.140428584 0 -0.1424445796 1.942890293e-16 0 -1.942890293e-16 -0.1424445796 0 0 0 -1.878457832
