# exciton 0
0 0 0.2636658558 0 0 -0.05859611054 0.2636658558 -0.05859611054 0 0 0 0.05859611054 0 0 0.2636658558 0.05859611054 0.2636658558 0 -0.9842638415 2.949029909e-17 0 -2.949029909e-17 -0.9842638415 0 0 0 -1.094388244
# exciton 1
0 0 0.708462341 0 0 -0.6969299523 0.708462341 -0.6969299523 0 0 0 0.6969299523 0 0 0.708462341 0.6969299523 0.708462341 0 -0.06147850295 0 0 0 -0.06147850295 0 0 0 -0.1224478595
# exciton 2
0 0 -0.2773162329 0 0 0.15653895 -0.2773162329 0.15653895 0 0 0 -0.15653895 0 0 -0.2773162329 -0.15653895 -0.2773162329 0 -0.1911461881 -1.387778781e-17 0 1.387778781e-17 -0.1911461881 0 0 0 -0.1116975316
# exciton 3
0 0 -0.9983603634 0 0 0.3485684142 -0.9983603634 0.3485684142 0 0 0 -0.3485684142 0 0 -0.9983603634 -0.3485684142 -0.9983603634 0 0.2857280809 2.775557562e-17 0 -2.775557562e-17 0.2857280809 0 0 0 -1.211212305
# exciton 4
0 0 0.3373196052 0 0 -0.004378948915 0.3373196052 -0.004378948915 0 0 0 0.004378948915 0 0 0.3373196052 0.004378948915 0.3373196052 0 1.382981515 1.665334537e-16 0 -1.665334537e-16 1.382981515 0 0 0 -0.1773432526
