# exciton 0
0 0 0.1385146396 0 0 -0.06826749527 0.1385146396 -0.06826749527 0 0 0 0.06826749527 0 0 0.1385146396 0.06826749527 0.1385146396 0 -1.161955568 2.081668171e-17 0 -2.081668171e-17 -1.161955568 0 0 0 -0.9754916147
# exciton 1
0 0 -0.008958578289 0 0 -0.1731470539 -0.008958578289 -0.1731470539 0 0 0 0.1731470539 0 0 -0.008958578289 0.1731470539 -0.008958578289 0 1.165977053 -4.163336342e-17 0 4.163336342e-17 1.165977053 0 0 0 1.621908317
# exciton 2
0 0 -0.01760284581 0 0 -0.0596439099 -0.01760284581 -0.0596439099 0 0 0 0.0596439099 0 0 -0.01760284581 0.0596439099 -0.01760284581 0 -0.007488579692 -6.938893904e-18 0 6.938893904e-18 -0.007488579692 0 0 0 -0.09208102721
# exciton 3
0 0 0.5635269018 0 0 -0.5685177272 0.5635269018 -0.5685177272 0 0 0 0.5685177272 0 0 0.5635269018 0.5685177272 0.5635269018 0 1.6146572 0 0 0 1.6146572 0 0 0 -2.296253178
# exciton 4
0 0 0.8330532337 0 0 0.9885598125 0.8330532337 0.9885598125 0 0 0 -0.9885598125 0 0 0.8330532337 -0.9885598125 0.8330532337 0 0.2002365684 1.387778781e-17 0 -1.387778781e-17 0.2002365684 0 0 0 0.3835429363
