# exciton 0
0 0 0.1993777186 0 0 -0.007074845368 0.1993777186 -0.007074845368 0 0 0 0.007074845368 0 0 0.1993777186 0.007074845368 0.1993777186 0 -1.384478871 -1.95156391e-17 0 1.95156391e-17 -1.384478871 0 0 0 -1.191714792
# exciton 1
0 0 -0.002731288481 0 0 0.2689189532 -0.002731288481 0.2689189532 0 0 0 -0.2689189532 0 0 -0.002731288481 -0.2689189532 -0.002731288481 0 1.431769271 -9.020562075e-17 0 9.020562075e-17 1.431769271 0 0 0 1.298516558
# exciton 2
0 0 -0.5823364947 0 0 0.1722259385 -0.5823364947 0.1722259385 0 0 0 -0.1722259385 0 0 -0.5823364947 -0.1722259385 -0.5823364947 0 0.528417759 -1.006139616e-16 0 1.006139616e-16 0.528417759 0 0 0 0.993852043
# exciton 3
0 0 -0.007937934318 0 0 -1.280828769 -0.007937934318 -1.280828769 0 0 0 1.280828769 0 0 -0.007937934318 1.280828769 -0.007937934318 0 0.1284107944 -3.469446952e-17 0 3.469446952e-17 0.1284107944 0 0 0 0.4772605219
# exciton 4
0 0 0.1920211647 0 0 0.4690468913 0.1920211647 0.4690468913 0 0 0 -0.4690468913 0 0 0.1920211647 -0.4690468913 0.1920211647 0 -0.0252691727 -3.122502257e-17 0 3.122502257e-17 -0.0252691727 0 0 0 0.283617768
