# exciton 0
0 0 -0.1461211312 0 0 -0.1725154926 -0.1461211312 -0.1725154926 0 0 0 0.1725154926 0 0 -0.1461211312 0.1725154926 -0.1461211312 0 0.3903602686 -3.469446952e-18 0 3.469446952e-18 0.3903602686 0 0 0 0.4685978643
# exciton 1
0 0 -0.5419838619 0 0 -0.1473180647 -0.5419838619 -0.1473180647 0 0 0 0.1473180647 0 0 -0.5419838619 0.1473180647 -0.5419838619 0 0.5661464244 6.938893904e-18 0 -6.938893904e-18 0.5661464244 0 0 0 0.9148826319
# exciton 2
0 0 0.3316412847 0 0 -0.5158031542 0.3316412847 -0.5158031542 0 0 0 0.5158031542 0 0 0.3316412847 0.5158031542 0.3316412847 0 -0.2140683113 1.040834086e-17 0 -1.734723476e-17 -0.2140683113 0 0 0 -0.1466386729
# exciton 3
0 0 -0.1085823589 0 0 0.5287933998 -0.1085823589 0.5287933998 0 0 0 -0.5287933998 0 0 -0.1085823589 -0.5287933998 -0.1085823589 0 -0.2766275153 -1.387778781e-17 0 1.387778781e-17 -0.2766275153 0 0 0 1.633083271
# exciton 4
0 0 -0.2439561995 0 0 0.350874898 -0.2439561995 0.350874898 0 0 0 -0.350874898 0 0 -0.2439561995 -0.350874898 -0.2439561995 0 -1.612286184 -2.081668171e-17 0 2.081668171e-17 -1.612286184 0 0 0 1.671772321
