# exciton 0
0 0 0.02106394852 0 0 -0.1075692752 0.02106394852 -0.1075692752 0 0 0 0.1075692752 0 0 0.02106394852 0.1075692752 0.02106394852 0 0.07238179948 8.67361738e-19 0 -4.33680869e-18 0.07238179948 0 0 0 0.07613431428
# exciton 1
0 0 0.1318607736 0 0 0.1730913828 0.1318607736 0.1730913828 0 0 0 -0.1730913828 0 0 0.1318607736 -0.1730913828 0.1318607736 0 -0.8033397596 -1.387778781e-17 0 1.387778781e-17 -0.8033397596 0 0 0 -0.925231885
# exciton 2
0 0 -0.449823237 0 0 -0.5795908965 -0.449823237 -0.5795908965 0 0 0 0.5795908965 0 0 -0.449823237 0.5795908965 -0.449823237 0 0.3894034416 3.469446952e-17 0 -3.469446952e-17 0.3894034416 0 0 0 0.6374467375
# exciton 3
0 0 -0.3504863931 0 0 0.6130276961 -0.3504863931 0.6130276961 0 0 0 -0.6130276961 0 0 -0.3504863931 -0.6130276961 -0.3504863931 0 -1.099486327 0 0 0 -1.099486327 0 0 0 1.146580782
# exciton 4
0 0 -0.9270188073 0 0 0.3172827693 -0.9270188073 0.3172827693 0 0 0 -0.3172827693 0 0 -0.9270188073 -0.3172827693 -0.9270188073 0 0.2794365501 -2.775557562e-17 0 2.775557562e-17 0.2794365501 0 0 0 -0.2552205621
