# exciton 0
0 0 -0.1147402051 0 0 0.04181440424 -0.1147402051 0.04181440424 0 0 0 -0.04181440424 0 0 -0.1147402051 -0.04181440424 -0.1147402051 0 1.664348794 -2.775557562e-17 0 2.775557562e-17 1.664348794 0 0 0 1.086337593
# exciton 1
0 0 0.1711230265 0 0 0.5635600366 0.1711230265 0.5635600366 0 0 0 -0.5635600366 0 0 0.1711230265 -0.5635600366 0.1711230265 0 -0.9348760249 -9.714451465e-17 0 9.714451465e-17 -0.9348760249 0 0 0 -1.656863598
# exciton 2
0 0 0.4264305056 0 0 0.3489759873 0.4264305056 0.3489759873 0 0 0 -0.3489759873 0 0 0.4264305056 -0.3489759873 0.4264305056 0 -0.9623643118 -1.110223025e-16 0 1.110223025e-16 -0.9623643118 0 0 0 -0.5142067976
# exciton 3
0 0 0.0485526007 0 0 -1.099876524 0.0485526007 -1.099876524 0 0 0 1.099876524 0 0 0.0485526007 1.099876524 0.0485526007 0 -0.0522764078 -1.387778781e-17 0 1.387778781e-17 -0.0522764078 0 0 0 -0.2666397655
# exciton 4
0 0 0.3210146284 0 0 -0.4931893049 0.3210146284 -0.4931893049 0 0 0 0.4931893049 0 0 0.3210146284 0.4931893049 0.3210146284 0 0.06370710936 -6.938893904e-17 0 6.938893904e-17 0.06370710936 0 0 0 -0.7993022111
