# exciton 0
0 0 0.144736118 0 0 -0.06014159288 0.144736118 -0.06014159288 0 0 0 0.06014159288 0 0 0.144736118 0.06014159288 0.144736118 0 -0.7673689208 -8.88903218e-18 0 8.88903218e-18 -0.7673689208 0 0 0 -0.6470908503
# exciton 1
0 0 0.2672843982 0 0 0.5439195856 0.2672843982 0.5439195856 0 0 0 -0.5439195856 0 0 0.2672843982 -0.5439195856 0.2672843982 0 -0.1384479203 6.205793045e-17 0 -6.205793045e-17 -0.1384479203 0 0 0 -0.314512925
# exciton 2
0 0 -0.2286805877 0 0 -0.3648025009 -0.2286805877 -0.3648025009 0 0 0 0.3648025009 0 0 -0.2286805877 0.3648025009 -0.2286805877 0 1.068504081 1.464601949e-17 0 -1.464601949e-17 1.068504081 0 0 0 -0.003606431476
# exciton 3
0 0 0.1141136396 0 0 0.7200172963 0.1141136396 0.7200172963 0 0 0 -0.7200172963 0 0 0.1141136396 -0.7200172963 0.1141136396 0 -0.2612000826 -8.698021303e-17 0 8.698021303e-17 -0.2612000826 0 0 0 -0.2756758807
# exciton 4
0 0 -0.3874063982 0 0 -0.8769708685 -0.3874063982 -0.8769708685 0 0 0 0.8769708685 0 0 -0.3874063982 0.8769708685 -0.3874063982 0 0.8684920322 -8.25898695e-17 0 8.25898695e-17 0.8684920322 0 0 0 -0.8081158388
