# exciton 0
0 0 -0.1194133639 0 0 -0.08563123176 -0.1194133639 -0.08563123176 0 0 0 0.08563123176 0 0 -0.1194133639 0.08563123176 -0.1194133639 0 0.2037560491 6.071532166e-18 0 -6.071532166e-18 0.2037560491 0 0 0 0.3459909563
# exciton 1
0 0 -0.3806236539 0 0 -0.6066482964 -0.3806236539 -0.6066482964 0 0 0 0.6066482964 0 0 -0.3806236539 0.6066482964 -0.3806236539 0 1.013661733 1.387778781e-17 0 -1.387778781e-17 1.013661733 0 0 0 0.2913335473
# exciton 2
0 0 0.04183161828 0 0 -0.2411375697 0.04183161828 -0.2411375697 0 0 0 0.2411375697 0 0 0.04183161828 0.2411375697 0.04183161828 0 0.4514017592 -4.163336342e-17 0 4.163336342e-17 0.4514017592 0 0 0 0.4242495226
# exciton 3
0 0 -0.07664231454 0 0 0.2144711503 -0.07664231454 0.2144711503 0 0 0 -0.2144711503 0 0 -0.07664231454 -0.2144711503 -0.07664231454 0 -1.082215041 2.775557562e-17 0 -2.775557562e-17 -1.082215041 0 0 0 3.119809717
# exciton 4
0 0 -0.08095197836 0 0 0.8738884948 -0.08095197836 0.8738884948 0 0 0 -0.8738884948 0 0 -0.08095197836 -0.8738884948 -0.08095197836 0 -1.14949616 1.526556659e-16 0 -1.526556659e-16 -1.14949616 0 0 0 0.1583317118
