# exciton 0
0 0 -0.1965516227 0 0 -0.1565014914 -0.1965516227 -0.1565014914 0 0 0 0.1565014914 0 0 -0.1965516227 0.1565014914 -0.1965516227 0 0.6605869084 3.469446952e-18 0 0 0.6605869084 0 0 0 0.7313823682
# exciton 1
0 0 -0.6291417296 0 0 -0.1826483499 -0.6291417296 -0.1826483499 0 0 0 0.1826483499 0 0 -0.6291417296 0.1826483499 -0.6291417296 0 0.3288866287 1.387778781e-17 0 -1.387778781e-17 0.3288866287 0 0 0 0.7425786497
# exciton 2
0 0 0.3419762454 0 0 -0.3646276248 0.3419762454 -0.3646276248 0 0 0 0.3646276248 0 0 0.3419762454 0.3646276248 0.3419762454 0 -0.2631683415 2.081668171e-17 0 -2.081668171e-17 -0.2631683415 0 0 0 -0.09509968343
# exciton 3
0 0 -0.01359812455 0 0 0.5429687945 -0.01359812455 0.5429687945 0 0 0 -0.5429687945 0 0 -0.01359812455 -0.5429687945 -0.01359812455 0 -0.4076798903 -5.551115123e-17 0 5.551115123e-17 -0.4076798903 0 0 0 1.796995125
# exciton 4
0 0 -0.4952306628 0 0 0.02505635179 -0.4952306628 0.02505635179 0 0 0 -0.02505635179 0 0 -0.4952306628 -0.02505635179 -0.4952306628 0 -1.855134806 -1.387778781e-17 0 1.387778781e-17 -1.855134806 0 0 0 1.862605158
