# exciton 0
0 0 -0.06855494656 0 0 -0.158192919 -0.06855494656 -0.158192919 0 0 0 0.158192919 0 0 -0.06855494656 0.158192919 -0.06855494656 0 0.3632599423 8.67361738e-18 0 -1.734723476e-18 0.3632599423 0 0 0 0.4332492647
# exciton 1
0 0 0.1351659367 0 0 -0.1095337968 0.1351659367 -0.1095337968 0 0 0 0.1095337968 0 0 0.1351659367 0.1095337968 0.1351659367 0 -1.202932662 0 0 0 -1.202932662 0 0 0 -1.069763171
# exciton 2
0 0 -0.2175385137 0 0 -0.5611765916 -0.2175385137 -0.5611765916 0 0 0 0.5611765916 0 0 -0.2175385137 0.5611765916 -0.2175385137 0 0.05761457644 0 0 -6.938893904e-18 0.05761457644 0 0 0 0.2017831926
# exciton 3
0 0 -0.3459403134 0 0 0.05655499336 -0.3459403134 0.05655499336 0 0 0 -0.05655499336 0 0 -0.3459403134 -0.05655499336 -0.3459403134 0 -0.8074537979 -2.775557562e-17 0 2.775557562e-17 -0.8074537979 0 0 0 0.4494976796
# exciton 4
0 0 -0.766852614 0 0 1.095893433 -0.766852614 1.095893433 0 0 0 -1.095893433 0 0 -0.766852614 -1.095893433 -0.766852614 0 0.3908174567 -1.387778781e-17 0 1.387778781e-17 0.3908174567 0 0 0 -0.2816759178
