# exciton 0
0 0 0.06189495931 0 0 -0.1447160808 0.06189495931 -0.1447160808 0 0 0 0.1447160808 0 0 0.06189495931 0.1447160808 0.06189495931 0 -0.09849909082 3.469446952e-18 0 -3.469446952e-18 -0.09849909082 0 0 0 -0.1088997617
# exciton 1
0 0 0.2991112613 0 0 0.1021906453 0.2991112613 0.1021906453 0 0 0 -0.1021906453 0 0 0.2991112613 -0.1021906453 0.2991112613 0 -0.7301726888 1.387778781e-17 0 -1.387778781e-17 -0.7301726888 0 0 0 -0.9762393885
# exciton 2
0 0 -0.3968356924 0 0 -0.6139196137 -0.3968356924 -0.6139196137 0 0 0 0.6139196137 0 0 -0.3968356924 0.6139196137 -0.3968356924 0 0.3571809588 2.428612866e-17 0 -3.122502257e-17 0.3571809588 0 0 0 0.4304126089
# exciton 3
0 0 -0.1855084347 0 0 0.5910754966 -0.1855084347 0.5910754966 0 0 0 -0.5910754966 0 0 -0.1855084347 -0.5910754966 -0.1855084347 0 -0.6196036138 -1.387778781e-17 0 1.387778781e-17 -0.6196036138 0 0 0 0.1441158765
# exciton 4
0 0 -0.5181690437 0 0 0.3534786655 -0.5181690437 0.3534786655 0 0 0 -0.3534786655 0 0 -0.5181690437 -0.3534786655 -0.5181690437 0 0.7840300893 -4.163336342e-17 0 3.469446952e-17 0.7840300893 0 0 0 -0.7962919084
