# exciton 0
0 0 -0.160922844 0 0 -0.1230627881 -0.160922844 -0.1230627881 0 0 0 0.1230627881 0 0 -0.160922844 0.1230627881 -0.160922844 0 0.6891751824 -3.035766083e-18 0 6.505213035e-18 0.6891751824 0 0 0 0.6484905679
# exciton 1
0 0 -0.4593868874 0 0 0.2355426988 -0.4593868874 0.2355426988 0 0 0 -0.2355426988 0 0 -0.4593868874 -0.2355426988 -0.4593868874 0 0.2481461144 2.081668171e-17 0 -2.081668171e-17 0.2481461144 0 0 0 0.6277258273
# exciton 2
0 0 0.3214928365 0 0 -0.4258135354 0.3214928365 -0.4258135354 0 0 0 0.4258135354 0 0 0.3214928365 0.4258135354 0.3214928365 0 -0.6872993309 2.775557562e-17 0 -4.163336342e-17 -0.6872993309 0 0 0 -0.122153686
# exciton 3
0 0 -0.009115894847 0 0 0.6786306959 -0.009115894847 0.6786306959 0 0 0 -0.6786306959 0 0 -0.009115894847 -0.6786306959 -0.009115894847 0 0.07069485987 -4.163336342e-17 0 4.163336342e-17 0.07069485987 0 0 0 0.7901898017
# exciton 4
0 0 -0.03328611462 0 0 -0.4370684433 -0.03328611462 -0.4370684433 0 0 0 0.4370684433 0 0 -0.03328611462 0.4370684433 -0.03328611462 0 -1.382603267 -8.67361738e-17 0 7.285838599e-17 -1.382603267 0 0 0 1.441117915
