# exciton 0
0 0 0.1800618492 0 0 0.08255891989 0.1800618492 0.08255891989 0 0 0 -0.08255891989 0 0 0.1800618492 -0.08255891989 0.1800618492 0 -0.4101697919 8.67361738e-18 0 -1.561251128e-17 -0.4101697919 0 0 0 -0.643380028
# exciton 1
0 0 0.5562324162 0 0 -0.6169182543 0.5562324162 -0.6169182543 0 0 0 0.6169182543 0 0 0.5562324162 0.6169182543 0.5562324162 0 -0.4269427788 -5.551115123e-17 0 -2.775557562e-17 -0.4269427788 0 0 0 -0.0238929362
# exciton 2
0 0 0.09099087691 0 0 0.1367571254 0.09099087691 0.1367571254 0 0 0 -0.1367571254 0 0 0.09099087691 -0.1367571254 0.09099087691 0 -0.7677551148 -2.081668171e-17 0 4.857225733e-17 -0.7677551148 0 0 0 -0.6605261058
# exciton 3
0 0 -1.438798341 0 0 0.4896214131 -1.438798341 0.4896214131 0 0 0 -0.4896214131 0 0 -1.438798341 -0.4896214131 -1.438798341 0 0.2204894698 5.551115123e-17 0 -5.551115123e-17 0.2204894698 0 0 0 -0.9034451212
# exciton 4
0 0 -0.2314673459 0 0 0.2555041168 -0.2314673459 0.2555041168 0 0 0 -0.2555041168 0 0 -0.2314673459 -0.2555041168 -0.2314673459 0 0.3340563887 2.91433544e-16 0 -2.359223927e-16 0.3340563887 0 0 0 1.75979549
