# exciton 0
0 0 0.0841740213 0 0 0.01700557469 0.0841740213 0.01700557469 0 0 0 -0.01700557469 0 0 0.0841740213 -0.01700557469 0.0841740213 0 -1.643510526 -4.33680869e-19 0 1.431146868e-17 -1.643510526 0 0 0 -1.039481319
# exciton 1
0 0 0.04891085082 0 0 -0.4199130055 0.04891085082 -0.4199130055 0 0 0 0.4199130055 0 0 0.04891085082 0.4199130055 0.04891085082 0 0.6174836743 1.387778781e-17 0 5.551115123e-17 0.6174836743 0 0 0 1.873001483
# exciton 2
0 0 -0.141456164 0 0 0.4773670566 -0.141456164 0.4773670566 0 0 0 -0.4773670566 0 0 -0.141456164 -0.4773670566 -0.141456164 0 -0.03465872787 -2.428612866e-17 0 -3.469446952e-18 -0.03465872787 0 0 0 -0.171613136
# exciton 3
0 0 -0.7421027244 0 0 -0.5159139657 -0.7421027244 -0.5159139657 0 0 0 0.5159139657 0 0 -0.7421027244 0.5159139657 -0.7421027244 0 0.7428346983 -1.387778781e-17 0 1.387778781e-17 0.7428346983 0 0 0 -1.068636726
# exciton 4
0 0 -0.04102671001 0 0 0.1957821831 -0.04102671001 0.1957821831 0 0 0 -0.1957821831 0 0 -0.04102671001 -0.1957821831 -0.04102671001 0 0.009774572216 3.469446952e-17 0 -8.326672685e-17 0.009774572216 0 0 0 1.947491389
