# exciton 0
0 0 0.1892646163 0 0 -0.05394139406 0.1892646163 -0.05394139406 0 0 0 0.05394139406 0 0 0.1892646163 0.05394139406 0.1892646163 0 -1.328304278 -1.994931997e-17 0 1.301042607e-17 -1.328304278 0 0 0 -1.158211888
# exciton 1
0 0 -0.04055010479 0 0 0.04936909488 -0.04055010479 0.04936909488 0 0 0 -0.04936909488 0 0 -0.04055010479 -0.04936909488 -0.04055010479 0 1.414246964 -1.387778781e-17 0 1.249000903e-16 1.414246964 0 0 0 1.50780935
# exciton 2
0 0 -0.5423057051 0 0 0.07527678015 -0.5423057051 0.07527678015 0 0 0 -0.07527678015 0 0 -0.5423057051 -0.07527678015 -0.5423057051 0 0.2238311236 -9.020562075e-17 0 3.469446952e-17 0.2238311236 0 0 0 0.9484921661
# exciton 3
0 0 0.1427684021 0 0 -1.219684899 0.1427684021 -1.219684899 0 0 0 1.219684899 0 0 0.1427684021 1.219684899 0.1427684021 0 0.5686525865 -1.387778781e-17 0 1.387778781e-17 0.5686525865 0 0 0 -0.2601930927
# exciton 4
0 0 0.4290737934 0 0 0.9015766443 0.4290737934 0.9015766443 0 0 0 -0.9015766443 0 0 0.4290737934 -0.9015766443 0.4290737934 0 0.001513169508 -2.775557562e-17 0 3.469446952e-17 0.001513169508 0 0 0 0.3353837534
