# exciton 0
0 0 -0.1442067444 0 0 -0.1506883454 -0.1442067444 -0.1506883454 0 0 0 0.1506883454 0 0 -0.1442067444 0.1506883454 -0.1442067444 0 0.5226653166 -2.168404345e-18 0 2.168404345e-18 0.5226653166 0 0 0 0.6858923147
# exciton 1
0 0 0.02102331636 0 0 -0.2022693445 0.02102331636 -0.2022693445 0 0 0 0.2022693445 0 0 0.02102331636 0.2022693445 0.02102331636 0 -1.532661313 -8.326672685e-17 0 8.326672685e-17 -1.532661313 0 0 0 -0.8455014354
# exciton 2
0 0 0.1005893131 0 0 -0.4528471977 0.1005893131 -0.4528471977 0 0 0 0.4528471977 0 0 0.1005893131 0.4528471977 0.1005893131 0 -0.1018587046 -3.469446952e-17 0 3.469446952e-17 -0.1018587046 0 0 0 -0.4051065375
# exciton 3
0 0 -0.03989138707 0 0 -0.3972872227 -0.03989138707 -0.3972872227 0 0 0 0.3972872227 0 0 -0.03989138707 0.3972872227 -0.03989138707 0 -0.1956419373 -1.387778781e-17 0 1.387778781e-17 -0.1956419373 0 0 0 -0.769863421
# exciton 4
0 0 -0.6614804584 0 0 1.406498933 -0.6614804584 1.406498933 0 0 0 -1.406498933 0 0 -0.6614804584 -1.406498933 -0.6614804584 0 0.372297944 6.938893904e-18 0 -6.938893904e-18 0.372297944 0 0 0 -0.07203732653
