# exciton 0
0 0 -0.1524154947 0 0 0.1364830284 -0.1524154947 0.1364830284 0 0 0 -0.1364830284 0 0 -0.1524154947 -0.1364830284 -0.1524154947 0 0.6463990233 -8.67361738e-19 0 -1.301042607e-17 0.6463990233 0 0 0 0.735844516
# exciton 1
0 0 -0.6700149206 0 0 -0.3397661546 -0.6700149206 -0.3397661546 0 0 0 0.3397661546 0 0 -0.6700149206 0.3397661546 -0.6700149206 0 -0.4370100253 -3.469446952e-17 0 -2.081668171e-17 -0.4370100253 0 0 0 -0.1374108568
# exciton 2
0 0 -0.378457914 0 0 0.1867059369 -0.378457914 0.1867059369 0 0 0 -0.1867059369 0 0 -0.378457914 -0.1867059369 -0.378457914 0 0.5996352047 2.775557562e-17 0 2.775557562e-17 0.5996352047 0 0 0 1.093266441
# exciton 3
0 0 1.63739472 0 0 0.6539169016 1.63739472 0.6539169016 0 0 0 -0.6539169016 0 0 1.63739472 -0.6539169016 1.63739472 0 -0.211282642 -1.387778781e-17 0 -1.387778781e-17 -0.211282642 0 0 0 0.2446439794
# exciton 4
0 0 -0.2717680096 0 0 -0.09111350909 -0.2717680096 -0.09111350909 0 0 0 0.09111350909 0 0 -0.2717680096 0.09111350909 -0.2717680096 0 -0.196642529 2.428612866e-16 0 -2.498001805e-16 -0.196642529 0 0 0 -1.681046521
