# exciton 0
0 0 0.2051962774 0 0 0.1390963579 0.2051962774 0.1390963579 0 0 0 -0.1390963579 0 0 0.2051962774 -0.1390963579 0.2051962774 0 -0.9350496946 -4.282598581e-17 0 3.588709191e-17 -0.9350496946 0 0 0 -0.9287752133
# exciton 1
0 0 0.04892167376 0 0 0.8126732718 0.04892167376 0.8126732718 0 0 0 -0.8126732718 0 0 0.04892167376 -0.8126732718 0.04892167376 0 1.008371401 -6.938893904e-17 0 3.469446952e-17 1.008371401 0 0 0 0.2699802491
# exciton 2
0 0 -0.006622968974 0 0 0.07355464726 -0.006622968974 0.07355464726 0 0 0 -0.07355464726 0 0 -0.006622968974 -0.07355464726 -0.006622968974 0 1.716203778 -5.941427905e-17 0 1.778091563e-17 1.716203778 0 0 0 -0.1448272664
# exciton 3
0 0 0.807304275 0 0 -0.1350576171 0.807304275 -0.1350576171 0 0 0 0.1350576171 0 0 0.807304275 0.1350576171 0.807304275 0 -0.04160106936 -1.734723476e-18 0 1.734723476e-18 -0.04160106936 0 0 0 0.2130152901
# exciton 4
0 0 -0.3823729566 0 0 -0.9227438495 -0.3823729566 -0.9227438495 0 0 0 0.9227438495 0 0 -0.3823729566 0.9227438495 -0.3823729566 0 -0.008820138192 5.551115123e-17 0 -4.857225733e-17 -0.008820138192 0 0 0 -0.3453851345
