# exciton 0
0 0 -0.1491390863 0 0 -0.1698614962 -0.1491390863 -0.1698614962 0 0 0 0.1698614962 0 0 -0.1491390863 0.1698614962 -0.1491390863 0 0.4165847884 -8.67361738e-19 0 8.67361738e-19 0.4165847884 0 0 0 0.4881714957
# exciton 1
0 0 -0.5423454104 0 0 -0.1115758648 -0.5423454104 -0.1115758648 0 0 0 0.1115758648 0 0 -0.5423454104 0.1115758648 -0.5423454104 0 0.5307168088 -1.387778781e-17 0 1.387778781e-17 0.5307168088 0 0 0 0.908539735
# exciton 2
0 0 0.3397117765 0 0 -0.5134730907 0.3397117765 -0.5134730907 0 0 0 0.5134730907 0 0 0.3397117765 0.5134730907 0.3397117765 0 -0.2559368717 1.734723476e-17 0 -1.734723476e-17 -0.2559368717 0 0 0 -0.1616318445
# exciton 3
0 0 -0.08942584902 0 0 0.5525414973 -0.08942584902 0.5525414973 0 0 0 -0.5525414973 0 0 -0.08942584902 -0.5525414973 -0.08942584902 0 -0.227752429 -2.775557562e-17 0 2.775557562e-17 -0.227752429 0 0 0 1.525817621
# exciton 4
0 0 -0.2320231923 0 0 0.2775785135 -0.2320231923 0.2775785135 0 0 0 -0.2775785135 0 0 -0.2320231923 -0.2775785135 -0.2320231923 0 -1.603948412 -2.081668171e-17 0 2.081668171e-17 -1.603948412 0 0 0 1.678571486
