# exciton 0
0 0 0.1781805548 0 0 0.02185052236 0.1781805548 0.02185052236 0 0 0 -0.02185052236 0 0 0.1781805548 -0.02185052236 0.1781805548 0 -0.396757791 -2.428612866e-17 0 1.734723476e-17 -0.396757791 0 0 0 -0.6598015727
# exciton 1
0 0 0.2302774245 0 0 -0.09127935452 0.2302774245 -0.09127935452 0 0 0 0.09127935452 0 0 0.2302774245 0.09127935452 0.2302774245 0 1.786884751 -8.326672685e-17 0 8.326672685e-17 1.786884751 0 0 0 -0.322612557
# exciton 2
0 0 -0.281795918 0 0 -0.1242642774 -0.281795918 -0.1242642774 0 0 0 0.1242642774 0 0 -0.281795918 0.1242642774 -0.281795918 0 0.8526397837 -7.285838599e-17 0 8.67361738e-17 0.8526397837 0 0 0 0.7868526677
# exciton 3
0 0 3.974048884e-05 0 0 -0.3719919293 3.974048884e-05 -0.3719919293 0 0 0 0.3719919293 0 0 3.974048884e-05 0.3719919293 3.974048884e-05 0 -0.9052937753 1.387778781e-17 0 -1.387778781e-17 -0.9052937753 0 0 0 2.630074822
# exciton 4
0 0 0.4970787493 0 0 0.7700285357 0.4970787493 0.7700285357 0 0 0 -0.7700285357 0 0 0.4970787493 -0.7700285357 0.4970787493 0 -0.0926360904 1.734723476e-16 0 -1.734723476e-16 -0.0926360904 0 0 0 -1.238084052
