# exciton 0
0 0 -0.186927369 0 0 0.1301376334 -0.186927369 0.1301376334 0 0 0 -0.1301376334 0 0 -0.186927369 -0.1301376334 -0.186927369 0 0.669547341 2.081668171e-17 0 -2.081668171e-17 0.669547341 0 0 0 0.8178188659
# exciton 1
0 0 -0.6970362353 0 0 -0.504461652 -0.6970362353 -0.504461652 0 0 0 0.504461652 0 0 -0.6970362353 0.504461652 -0.6970362353 0 -0.256692514 1.387778781e-17 0 -1.387778781e-17 -0.256692514 0 0 0 -0.07640408954
# exciton 2
0 0 -0.2691255114 0 0 0.2535875969 -0.2691255114 0.2535875969 0 0 0 -0.2535875969 0 0 -0.2691255114 -0.2535875969 -0.2691255114 0 0.6238929835 0 0 0 0.6238929835 0 0 0 0.9557869214
# exciton 3
0 0 1.86920531 0 0 0.6021980731 1.86920531 0.6021980731 0 0 0 -0.6021980731 0 0 1.86920531 -0.6021980731 1.86920531 0 0.01345605119 6.938893904e-18 0 -6.938893904e-18 0.01345605119 0 0 0 -0.008951204631
# exciton 4
0 0 0.01193243562 0 0 -0.03197844796 0.01193243562 -0.03197844796 0 0 0 0.03197844796 0 0 0.01193243562 0.03197844796 0.01193243562 0 -0.1484599893 2.307182223e-16 0 -2.307182223e-16 -0.1484599893 0 0 0 -2.014747531
