# exciton 0
0 0 -0.01435814648 0 0 0.1311376126 -0.01435814648 0.1311376126 0 0 0 -0.1311376126 0 0 -0.01435814648 -0.1311376126 -0.01435814648 0 -0.05583244798 -9.540979118e-18 0 -4.33680869e-18 -0.05583244798 0 0 0 -0.06091233173
# exciton 1
0 0 0.4122950052 0 0 0.3630279812 0.4122950052 0.3630279812 0 0 0 -0.3630279812 0 0 0.4122950052 -0.3630279812 0.4122950052 0 0.3040952658 -1.387778781e-17 0 -6.938893904e-17 0.3040952658 0 0 0 0.06707059236
# exciton 2
0 0 0.3602360768 0 0 -0.1535019601 0.3602360768 -0.1535019601 0 0 0 0.1535019601 0 0 0.3602360768 0.1535019601 0.3602360768 0 -1.061885849 8.326672685e-17 0 0 -1.061885849 0 0 0 -0.7444542689
# exciton 3
0 0 -1.042309317 0 0 0.9030212383 -1.042309317 0.9030212383 0 0 0 -0.9030212383 0 0 -1.042309317 -0.9030212383 -1.042309317 0 0.4988455574 -2.775557562e-17 0 2.775557562e-17 0.4988455574 0 0 0 -0.5590195657
# exciton 4
0 0 1.001955326 0 0 -0.5859202798 1.001955326 -0.5859202798 0 0 0 0.5859202798 0 0 1.001955326 0.5859202798 1.001955326 0 0.385137781 1.665334537e-16 0 -1.665334537e-16 0.385137781 0 0 0 0.329682905
