# exciton 0
0 0 0.02423007848 0 0 0.1770679541 0.02423007848 0.1770679541 0 0 0 -0.1770679541 0 0 0.02423007848 -0.1770679541 0.02423007848 0 -0.1244773694 -2.211772432e-17 0 1.301042607e-18 -0.1244773694 0 0 0 -0.1644959927
# exciton 1
0 0 0.4686878833 0 0 0.07168275839 0.4686878833 0.07168275839 0 0 0 -0.07168275839 0 0 0.4686878833 -0.07168275839 0.4686878833 0 -0.1106916039 -4.857225733e-17 0 -3.469446952e-17 -0.1106916039 0 0 0 0.009936744226
# exciton 2
0 0 0.2600419669 0 0 0.03880880537 0.2600419669 0.03880880537 0 0 0 -0.03880880537 0 0 0.2600419669 -0.03880880537 0.2600419669 0 -1.132793283 -2.775557562e-17 0 5.551115123e-17 -1.132793283 0 0 0 -0.7175697021
# exciton 3
0 0 -1.678818988 0 0 0.7523297809 -1.678818988 0.7523297809 0 0 0 -0.7523297809 0 0 -1.678818988 -0.7523297809 -1.678818988 0 0.02568160655 2.775557562e-17 0 0 0.02568160655 0 0 0 0.002598207503
# exciton 4
0 0 0.3209938912 0 0 -0.4003698486 0.3209938912 -0.4003698486 0 0 0 0.4003698486 0 0 0.3209938912 0.4003698486 0.3209938912 0 0.1496751455 3.122502257e-16 0 -2.567390744e-16 0.1496751455 0 0 0 1.411380579
