# exciton 0
0 0 -0.1044196415 0 0 -0.06310362127 -0.1044196415 -0.06310362127 0 0 0 0.06310362127 0 0 -0.1044196415 0.06310362127 -0.1044196415 0 0.7471773244 6.938893904e-18 0 0 0.7471773244 0 0 0 0.7039928865
# exciton 1
0 0 -0.1015684419 0 0 -0.07418533347 -0.1015684419 -0.07418533347 0 0 0 0.07418533347 0 0 -0.1015684419 0.07418533347 -0.1015684419 0 -1.09706131 0 0 0 -1.09706131 0 0 0 -1.167217578
# exciton 2
0 0 -0.3717700975 0 0 -0.2921437838 -0.3717700975 -0.2921437838 0 0 0 0.2921437838 0 0 -0.3717700975 0.2921437838 -0.3717700975 0 0.1141515977 1.387778781e-17 0 -2.775557562e-17 0.1141515977 0 0 0 0.7546479897
# exciton 3
0 0 -0.6207797842 0 0 0.08930084942 -0.6207797842 0.08930084942 0 0 0 -0.08930084942 0 0 -0.6207797842 -0.08930084942 -0.6207797842 0 -1.779401487 -2.775557562e-17 0 2.775557562e-17 -1.779401487 0 0 0 2.586576752
# exciton 4
0 0 -1.1714715 0 0 0.7658694371 -1.1714715 0.7658694371 0 0 0 -0.7658694371 0 0 -1.1714715 -0.7658694371 -1.1714715 0 -0.3152226444 2.775557562e-17 0 -2.775557562e-17 -0.3152226444 0 0 0 0.01974066008
