# exciton 0
0 0 0.1980685433 0 0 -0.04901967017 0.1980685433 -0.04901967017 0 0 0 0.04901967017 0 0 0.1980685433 0.04901967017 0.1980685433 0 -0.4888815271 -2.493664997e-17 0 2.493664997e-17 -0.4888815271 0 0 0 -0.7715682091
# exciton 1
0 0 0.2226278072 0 0 -0.151294606 0.2226278072 -0.151294606 0 0 0 0.151294606 0 0 0.2226278072 0.151294606 0.2226278072 0 1.867760136 -1.353084311e-16 0 1.353084311e-16 1.867760136 0 0 0 -0.02787163857
# exciton 2
0 0 -0.3427486438 0 0 -0.2269949245 -0.3427486438 -0.2269949245 0 0 0 0.2269949245 0 0 -0.3427486438 0.2269949245 -0.3427486438 0 0.5555049185 -9.36750677e-17 0 9.36750677e-17 0.5555049185 0 0 0 0.8977949128
# exciton 3
0 0 -0.3012347924 0 0 -0.5713730585 -0.3012347924 -0.5713730585 0 0 0 0.5713730585 0 0 -0.3012347924 0.5713730585 -0.3012347924 0 -0.8669533473 6.938893904e-18 0 -6.938893904e-18 -0.8669533473 0 0 0 2.711120943
# exciton 4
0 0 0.5325113256 0 0 1.135114525 0.5325113256 1.135114525 0 0 0 -1.135114525 0 0 0.5325113256 -1.135114525 0.5325113256 0 -0.2210099077 1.144917494e-16 0 -1.144917494e-16 -0.2210099077 0 0 0 -0.7461983722
