# exciton 0
0 0 0.1570825736 0 0 0.1015340235 0.1570825736 0.1015340235 0 0 0 -0.1015340235 0 0 0.1570825736 -0.1015340235 0.1570825736 0 -0.9349297394 -3.100818213e-17 0 3.100818213e-17 -0.9349297394 0 0 0 -0.7824347835
# exciton 1
0 0 -0.04108495337 0 0 0.9278399335 -0.04108495337 0.9278399335 0 0 0 -0.9278399335 0 0 -0.04108495337 -0.9278399335 -0.04108495337 0 0.4013429459 -2.428612866e-17 0 2.428612866e-17 0.4013429459 0 0 0 0.3470205876
# exciton 2
0 0 0.04645957889 0 0 -0.06278490905 0.04645957889 -0.06278490905 0 0 0 0.06278490905 0 0 0.04645957889 0.06278490905 0.04645957889 0 1.758771157 -6.938893904e-18 0 6.938893904e-18 1.758771157 0 0 0 -0.3816103556
# exciton 3
0 0 0.7474878972 0 0 0.3547311315 0.7474878972 0.3547311315 0 0 0 -0.3547311315 0 0 0.7474878972 -0.3547311315 0.7474878972 0 -0.04126914169 8.326672685e-17 0 -8.326672685e-17 -0.04126914169 0 0 0 -0.1945246193
# exciton 4
0 0 -0.763019758 0 0 -1.344600948 -0.763019758 -1.344600948 0 0 0 1.344600948 0 0 -0.763019758 1.344600948 -0.763019758 0 0.03163944563 -1.387778781e-17 0 1.387778781e-17 0.03163944563 0 0 0 0.02191493226
