# exciton 0
0 0 -0.0943113718 0 0 0.03249623535 -0.0943113718 0.03249623535 0 0 0 -0.03249623535 0 0 -0.0943113718 -0.03249623535 -0.0943113718 0 0.1992975503 -2.428612866e-17 0 2.428612866e-17 0.1992975503 0 0 0 0.3532089234
# exciton 1
0 0 -0.08635904636 0 0 -0.2407505952 -0.08635904636 -0.2407505952 0 0 0 0.2407505952 0 0 -0.08635904636 0.2407505952 -0.08635904636 0 -1.57191196 -3.469446952e-17 0 3.469446952e-17 -1.57191196 0 0 0 0.3320666297
# exciton 2
0 0 0.2031422617 0 0 -0.1130034782 0.2031422617 -0.1130034782 0 0 0 0.1130034782 0 0 0.2031422617 0.1130034782 0.2031422617 0 -0.878372516 -7.285838599e-17 0 7.285838599e-17 -0.878372516 0 0 0 -0.7102637713
# exciton 3
0 0 -0.1959410322 0 0 -0.1063619986 -0.1959410322 -0.1063619986 0 0 0 0.1063619986 0 0 -0.1959410322 0.1063619986 -0.1959410322 0 0.9182445917 0 0 0 0.9182445917 0 0 0 -2.618271251
# exciton 4
0 0 -0.4436281331 0 0 0.713784026 -0.4436281331 0.713784026 0 0 0 -0.713784026 0 0 -0.4436281331 -0.713784026 -0.4436281331 0 0.190673481 2.15105711e-16 0 -2.15105711e-16 0.190673481 0 0 0 1.360484573
