# exciton 0
0 0 -0.1539226792 0 0 -0.06941370152 -0.1539226792 -0.06941370152 0 0 0 0.06941370152 0 0 -0.1539226792 0.06941370152 -0.1539226792 0 1.477094609 -6.938893904e-18 0 6.938893904e-18 1.477094609 0 0 0 1.05225121
# exciton 1
0 0 -0.3991696154 0 0 -0.2124444222 -0.3991696154 -0.2124444222 0 0 0 0.2124444222 0 0 -0.3991696154 0.2124444222 -0.3991696154 0 -0.0886338443 0 0 0 -0.0886338443 0 0 0 -0.5887048124
# exciton 2
0 0 0.3761256473 0 0 0.2459765975 0.3761256473 0.2459765975 0 0 0 -0.2459765975 0 0 0.3761256473 -0.2459765975 0.3761256473 0 -0.3642650558 0 0 0 -0.3642650558 0 0 0 -0.07088452257
# exciton 3
0 0 0.8680469196 0 0 0.09177766941 0.8680469196 0.09177766941 0 0 0 -0.09177766941 0 0 0.8680469196 -0.09177766941 0.8680469196 0 -0.02671682206 5.551115123e-17 0 -5.551115123e-17 -0.02671682206 0 0 0 0.5685334015
# exciton 4
0 0 -0.2553980561 0 0 -0.7093853739 -0.2553980561 -0.7093853739 0 0 0 0.7093853739 0 0 -0.2553980561 0.7093853739 -0.2553980561 0 -1.348158926 0 0 0 -1.348158926 0 0 0 0.4152257216
