# exciton 0
0 0 -0.1912948567 0 0 0.02791024376 -0.1912948567 0.02791024376 0 0 0 -0.02791024376 0 0 -0.1912948567 -0.02791024376 -0.1912948567 0 0.4001794189 -3.469446952e-18 0 -1.040834086e-17 0.4001794189 0 0 0 0.6502442208
# exciton 1
0 0 -0.5317966065 0 0 -0.6914721379 -0.5317966065 -0.6914721379 0 0 0 0.6914721379 0 0 -0.5317966065 0.6914721379 -0.5317966065 0 0.5878287768 -6.938893904e-17 0 -4.163336342e-17 0.5878287768 0 0 0 0.09154457172
# exciton 2
0 0 -0.0135637427 0 0 0.05757046142 -0.0135637427 0.05757046142 0 0 0 -0.05757046142 0 0 -0.0135637427 -0.05757046142 -0.0135637427 0 0.672888666 -3.469446952e-17 0 3.469446952e-17 0.672888666 0 0 0 0.5478015146
# exciton 3
0 0 0.9948928236 0 0 0.4084612276 0.9948928236 0.4084612276 0 0 0 -0.4084612276 0 0 0.9948928236 -0.4084612276 0.9948928236 0 -0.5118384856 2.775557562e-17 0 -2.775557562e-17 -0.5118384856 0 0 0 1.658051217
# exciton 4
0 0 0.135841719 0 0 0.4390103806 0.135841719 0.4390103806 0 0 0 -0.4390103806 0 0 0.135841719 -0.4390103806 0.135841719 0 -0.6333875892 3.053113318e-16 0 -2.498001805e-16 -0.6333875892 0 0 0 -1.185991495
