# exciton 0
0 0 0.1160889203 0 0 -0.02651863371 0.1160889203 -0.02651863371 0 0 0 0.02651863371 0 0 0.1160889203 0.02651863371 0.1160889203 0 -0.1995887828 -2.602085214e-18 0 2.602085214e-18 -0.1995887828 0 0 0 -0.3502367022
# exciton 1
0 0 0.3456506292 0 0 -0.6159099646 0.3456506292 -0.6159099646 0 0 0 0.6159099646 0 0 0.3456506292 0.6159099646 0.3456506292 0 -1.003839536 -5.551115123e-17 0 5.551115123e-17 -1.003839536 0 0 0 -0.08569094513
# exciton 2
0 0 0.02122155764 0 0 -0.1215247768 0.02122155764 -0.1215247768 0 0 0 0.1215247768 0 0 0.02122155764 0.1215247768 0.02122155764 0 -0.6203441875 -6.245004514e-17 0 6.245004514e-17 -0.6203441875 0 0 0 -0.5313165232
# exciton 3
0 0 -0.2776915145 0 0 0.2388484562 -0.2776915145 0.2388484562 0 0 0 -0.2388484562 0 0 -0.2776915145 -0.2388484562 -0.2776915145 0 0.953561999 5.551115123e-17 0 -5.551115123e-17 0.953561999 0 0 0 -2.741387006
# exciton 4
0 0 -0.09863471202 0 0 0.7484215363 -0.09863471202 0.7484215363 0 0 0 -0.7484215363 0 0 -0.09863471202 -0.7484215363 -0.09863471202 0 0.812196704 2.220446049e-16 0 -2.220446049e-16 0.812196704 0 0 0 0.6121535265
