# exciton 0
0 0 -0.1054278341 0 0 -0.009917361641 -0.1054278341 -0.009917361641 0 0 0 0.009917361641 0 0 -0.1054278341 0.009917361641 -0.1054278341 0 1.422706947 -1.084202172e-17 0 1.084202172e-17 1.422706947 0 0 0 0.8902181097
# exciton 1
0 0 -0.07788978646 0 0 0.6461158425 -0.07788978646 0.6461158425 0 0 0 -0.6461158425 0 0 -0.07788978646 -0.6461158425 -0.07788978646 0 -0.1823985125 -2.775557562e-17 0 2.775557562e-17 -0.1823985125 0 0 0 -0.742802334
# exciton 2
0 0 0.1254381818 0 0 0.05608428401 0.1254381818 0.05608428401 0 0 0 -0.05608428401 0 0 0.1254381818 -0.05608428401 0.1254381818 0 -1.303578589 2.775557562e-17 0 -2.775557562e-17 -1.303578589 0 0 0 0.2855878415
# exciton 3
0 0 0.02997906907 0 0 0.123744 0.02997906907 0.123744 0 0 0 -0.123744 0 0 0.02997906907 -0.123744 0.02997906907 0 0.03092284578 1.110223025e-16 0 -1.110223025e-16 0.03092284578 0 0 0 0.3778847843
# exciton 4
0 0 0.3111739874 0 0 -1.364149769 0.3111739874 -1.364149769 0 0 0 1.364149769 0 0 0.3111739874 1.364149769 0.3111739874 0 -0.7487237753 -1.179611964e-16 0 1.179611964e-16 -0.7487237753 0 0 0 0.234213459
