# exciton 0
0 0 -0.01268308442 0 0 -0.1782142431 -0.01268308442 -0.1782142431 0 0 0 0.1782142431 0 0 -0.01268308442 0.1782142431 -0.01268308442 0 -0.06840489276 1.734723476e-18 0 -1.734723476e-18 -0.06840489276 0 0 0 -0.08823074463
# exciton 1
0 0 -0.2961377805 0 0 -0.1583423176 -0.2961377805 -0.1583423176 0 0 0 0.1583423176 0 0 -0.2961377805 0.1583423176 -0.2961377805 0 1.033854053 0 0 0 1.033854053 0 0 0 0.9867476355
# exciton 2
0 0 0.248883653 0 0 -0.6086916179 0.248883653 -0.6086916179 0 0 0 0.6086916179 0 0 0.248883653 0.6086916179 0.248883653 0 -0.06937886426 1.734723476e-18 0 -1.734723476e-18 -0.06937886426 0 0 0 -0.1321240474
# exciton 3
0 0 0.01644392887 0 0 0.2537876593 0.01644392887 0.2537876593 0 0 0 -0.2537876593 0 0 0.01644392887 -0.2537876593 0.01644392887 0 0.1537364343 -1.734723476e-17 0 1.734723476e-17 0.1537364343 0 0 0 0.866339718
# exciton 4
0 0 0.3300870998 0 0 0.9430705498 0.3300870998 0.9430705498 0 0 0 -0.9430705498 0 0 0.3300870998 -0.9430705498 0.3300870998 0 -0.9471010003 -1.387778781e-17 0 1.387778781e-17 -0.9471010003 0 0 0 0.8640473317
