# exciton 0
0 0 -0.06443235308 0 0 -0.1355390512 -0.06443235308 -0.1355390512 0 0 0 0.1355390512 0 0 -0.06443235308 0.1355390512 -0.06443235308 0 0.08433226393 1.734723476e-18 0 -1.734723476e-18 0.08433226393 0 0 0 0.1378422825
# exciton 1
0 0 -0.3180304213 0 0 -0.4948468726 -0.3180304213 -0.4948468726 0 0 0 0.4948468726 0 0 -0.3180304213 0.4948468726 -0.3180304213 0 1.149828869 -2.775557562e-17 0 2.775557562e-17 1.149828869 0 0 0 0.4741262306
# exciton 2
0 0 0.05440797493 0 0 -0.3967162375 0.05440797493 -0.3967162375 0 0 0 0.3967162375 0 0 0.05440797493 0.3967162375 0.05440797493 0 0.2963456396 -5.551115123e-17 0 5.551115123e-17 0.2963456396 0 0 0 0.3605738624
# exciton 3
0 0 -0.3573419853 0 0 0.1284603969 -0.3573419853 0.1284603969 0 0 0 -0.1284603969 0 0 -0.3573419853 -0.1284603969 -0.3573419853 0 -1.030361688 2.775557562e-17 0 -2.775557562e-17 -1.030361688 0 0 0 3.136849823
# exciton 4
0 0 -0.07113262348 0 0 1.053995292 -0.07113262348 1.053995292 0 0 0 -1.053995292 0 0 -0.07113262348 -1.053995292 -0.07113262348 0 -1.238689863 1.110223025e-16 0 -1.110223025e-16 -1.238689863 0 0 0 0.6358677723
