# exciton 0
0 0 0.2429255575 0 0 -0.1035876325 0.2429255575 -0.1035876325 0 0 0 0.1035876325 0 0 0.2429255575 0.1035876325 0.2429255575 0 -1.002602079 1.561251128e-17 0 -8.67361738e-18 -1.002602079 0 0 0 -1.035758068
# exciton 1
0 0 0.6841768461 0 0 -0.4887629012 0.6841768461 -0.4887629012 0 0 0 0.4887629012 0 0 0.6841768461 0.4887629012 0.6841768461 0 -0.0906461662 0 0 0 -0.0906461662 0 0 0 -0.2565467366
# exciton 2
0 0 -0.3428834929 0 0 0.01292152427 -0.3428834929 0.01292152427 0 0 0 -0.01292152427 0 0 -0.3428834929 -0.01292152427 -0.3428834929 0 0.04150437918 -1.387778781e-17 0 0 0.04150437918 0 0 0 0.01433229727
# exciton 3
0 0 -0.5881753698 0 0 0.3791978007 -0.5881753698 0.3791978007 0 0 0 -0.3791978007 0 0 -0.5881753698 -0.3791978007 -0.5881753698 0 0.3840959269 2.775557562e-17 0 -2.775557562e-17 0.3840959269 0 0 0 -1.521816683
# exciton 4
0 0 0.551683986 0 0 -0.1471450737 0.551683986 -0.1471450737 0 0 0 0.1471450737 0 0 0.551683986 0.1471450737 0.551683986 0 1.751898357 2.775557562e-17 0 -5.551115123e-17 1.751898357 0 0 0 -1.108946316
