# exciton 0
0 0 -0.1260978337 0 0 0.04306344222 -0.1260978337 0.04306344222 0 0 0 -0.04306344222 0 0 -0.1260978337 -0.04306344222 -0.1260978337 0 1.435744398 3.816391647e-17 0 -3.816391647e-17 1.435744398 0 0 0 1.046552711
# exciton 1
0 0 -0.2791434102 0 0 -0.5090894925 -0.2791434102 -0.5090894925 0 0 0 0.5090894925 0 0 -0.2791434102 0.5090894925 -0.2791434102 0 -0.6488353429 -2.775557562e-17 0 2.775557562e-17 -0.6488353429 0 0 0 -1.372463121
# exciton 2
0 0 -0.05739214832 0 0 0.4311489899 -0.05739214832 0.4311489899 0 0 0 -0.4311489899 0 0 -0.05739214832 -0.4311489899 -0.05739214832 0 0.1190288539 0 0 0 0.1190288539 0 0 0 0.5628001957
# exciton 3
0 0 0.9970437196 0 0 -0.1710078538 0.9970437196 -0.1710078538 0 0 0 0.1710078538 0 0 0.9970437196 0.1710078538 0.9970437196 0 -0.6564361252 -1.387778781e-17 0 1.387778781e-17 -0.6564361252 0 0 0 0.949804533
# exciton 4
0 0 -0.05030309034 0 0 0.1771514282 -0.05030309034 0.1771514282 0 0 0 -0.1771514282 0 0 -0.05030309034 -0.1771514282 -0.05030309034 0 -0.08071477805 1.45716772e-16 0 -1.45716772e-16 -0.08071477805 0 0 0 -1.938742665
