# exciton 0
0 0 0.1908107151 0 0 -0.09992559404 0.1908107151 -0.09992559404 0 0 0 0.09992559404 0 0 0.1908107151 0.09992559404 0.1908107151 0 -1.236059659 6.938893904e-18 0 -6.938893904e-18 -1.236059659 0 0 0 -1.014353187
# exciton 1
0 0 0.5340789418 0 0 -0.1728817964 0.5340789418 -0.1728817964 0 0 0 0.1728817964 0 0 0.5340789418 0.1728817964 0.5340789418 0 0.0115798034 0 0 5.551115123e-17 0.0115798034 0 0 0 0.05745663146
# exciton 2
0 0 -0.356922802 0 0 0.04010189594 -0.356922802 0.04010189594 0 0 0 -0.04010189594 0 0 -0.356922802 -0.04010189594 -0.356922802 0 0.3931062031 -6.938893904e-18 0 -6.938893904e-18 0.3931062031 0 0 0 0.04441173408
# exciton 3
0 0 -0.5391717618 0 0 0.3095831067 -0.5391717618 0.3095831067 0 0 0 -0.3095831067 0 0 -0.5391717618 -0.3095831067 -0.5391717618 0 0.1840525211 -2.775557562e-17 0 2.775557562e-17 0.1840525211 0 0 0 -1.055674912
# exciton 4
0 0 0.4575184843 0 0 -0.5952875407 0.4575184843 -0.5952875407 0 0 0 0.5952875407 0 0 0.4575184843 0.5952875407 0.4575184843 0 1.678719604 -5.551115123e-17 0 5.551115123e-17 1.678719604 0 0 0 -1.179400742
