# exciton 0
0 0 -0.1227181007 0 0 0.03613951686 -0.1227181007 0.03613951686 0 0 0 -0.03613951686 0 0 -0.1227181007 -0.03613951686 -0.1227181007 0 0.9726818796 2.428612866e-17 0 -2.428612866e-17 0.9726818796 0 0 0 0.8426638213
# exciton 1
0 0 -0.3567532132 0 0 -0.2420265472 -0.3567532132 -0.2420265472 0 0 0 0.2420265472 0 0 -0.3567532132 0.2420265472 -0.3567532132 0 -0.9037431814 1.387778781e-17 0 -1.387778781e-17 -0.9037431814 0 0 0 -0.9569287008
# exciton 2
0 0 -0.4187582199 0 0 0.05391755225 -0.4187582199 0.05391755225 0 0 0 -0.05391755225 0 0 -0.4187582199 -0.05391755225 -0.4187582199 0 0.1806468423 3.469446952e-17 0 -3.469446952e-17 0.1806468423 0 0 0 1.062116047
# exciton 3
0 0 0.2097084929 0 0 0.2115737634 0.2097084929 0.2115737634 0 0 0 -0.2115737634 0 0 0.2097084929 -0.2115737634 0.2097084929 0 -1.39117711 -2.775557562e-17 0 2.775557562e-17 -1.39117711 0 0 0 2.123789572
# exciton 4
0 0 -0.824536132 0 0 0.3582517598 -0.824536132 0.3582517598 0 0 0 -0.3582517598 0 0 -0.824536132 -0.3582517598 -0.824536132 0 -0.3601466006 1.526556659e-16 0 -1.526556659e-16 -0.3601466006 0 0 0 -0.7776892033
