# exciton 0
0 0 0.161912305 0 0 -0.1656592429 0.161912305 -0.1656592429 0 0 0 0.1656592429 0 0 0.161912305 0.1656592429 0.161912305 0 -0.3726330502 -2.602085214e-18 0 -8.67361738e-19 -0.3726330502 0 0 0 -0.509251748
# exciton 1
0 0 0.5685251067 0 0 -0.3954833631 0.5685251067 -0.3954833631 0 0 0 0.3954833631 0 0 0.5685251067 0.3954833631 0.5685251067 0 -0.6678882719 -2.775557562e-17 0 2.775557562e-17 -0.6678882719 0 0 0 -0.7926953432
# exciton 2
0 0 -0.261196544 0 0 -0.4252349454 -0.261196544 -0.4252349454 0 0 0 0.4252349454 0 0 -0.261196544 0.4252349454 -0.261196544 0 -0.03283049269 0 0 1.387778781e-17 -0.03283049269 0 0 0 -0.02541802423
# exciton 3
0 0 0.1985093179 0 0 0.4067821528 0.1985093179 0.4067821528 0 0 0 -0.4067821528 0 0 0.1985093179 -0.4067821528 0.1985093179 0 0.7189166388 2.775557562e-17 0 -2.775557562e-17 0.7189166388 0 0 0 -2.502511128
# exciton 4
0 0 0.4082592011 0 0 0.6027052868 0.4082592011 0.6027052868 0 0 0 -0.6027052868 0 0 0.4082592011 -0.6027052868 0.4082592011 0 1.724429439 4.163336342e-17 0 -2.775557562e-17 1.724429439 0 0 0 -1.563932634
