# exciton 0
0 0 -0.1158804111 0 0 -0.03966481972 -0.1158804111 -0.03966481972 0 0 0 0.03966481972 0 0 -0.1158804111 0.03966481972 -0.1158804111 0 1.412606172 1.387778781e-17 0 -1.387778781e-17 1.412606172 0 0 0 1.029484662
# exciton 1
0 0 0.05874196741 0 0 -0.2126936827 0.05874196741 -0.2126936827 0 0 0 0.2126936827 0 0 0.05874196741 0.2126936827 0.05874196741 0 -1.007612729 -6.938893904e-17 0 6.938893904e-17 -1.007612729 0 0 0 -1.892567775
# exciton 2
0 0 0.1372266111 0 0 0.1522461998 0.1372266111 0.1522461998 0 0 0 -0.1522461998 0 0 0.1372266111 -0.1522461998 0.1372266111 0 -0.002975166477 -1.387778781e-17 0 1.387778781e-17 -0.002975166477 0 0 0 -0.03285430316
# exciton 3
0 0 -0.2989683448 0 0 -0.7333672044 -0.2989683448 -0.7333672044 0 0 0 0.7333672044 0 0 -0.2989683448 0.7333672044 -0.2989683448 0 -1.459716191 0 0 0 -1.459716191 0 0 0 2.119941711
# exciton 4
0 0 -0.5339331904 0 0 0.7789442963 -0.5339331904 0.7789442963 0 0 0 -0.7789442963 0 0 -0.5339331904 -0.7789442963 -0.5339331904 0 -0.1227897811 2.775557562e-17 0 -2.775557562e-17 -0.1227897811 0 0 0 -0.9047379555
