# exciton 0
0 0 0.03866681366 0 0 -0.001738422804 0.03866681366 -0.001738422804 0 0 0 0.001738422804 0 0 0.03866681366 0.001738422804 0.03866681366 0 -1.890305443 2.081668171e-17 0 -2.775557562e-17 -1.890305443 0 0 0 -1.010997208
# exciton 1
0 0 -0.06187439213 0 0 -0.2868844044 -0.06187439213 -0.2868844044 0 0 0 0.2868844044 0 0 -0.06187439213 0.2868844044 -0.06187439213 0 0.2931021125 -2.081668171e-17 0 2.081668171e-17 0.2931021125 0 0 0 2.017045172
# exciton 2
0 0 -0.4159421092 0 0 0.6003422476 -0.4159421092 0.6003422476 0 0 0 -0.6003422476 0 0 -0.4159421092 -0.6003422476 -0.4159421092 0 0.1651147673 -2.775557562e-17 0 0 0.1651147673 0 0 0 0.2372497966
# exciton 3
0 0 -1.156197152 0 0 -0.6041324622 -1.156197152 -0.6041324622 0 0 0 0.6041324622 0 0 -1.156197152 0.6041324622 -1.156197152 0 0.07347832281 -4.163336342e-17 0 -1.387778781e-17 0.07347832281 0 0 0 -0.07390553065
# exciton 4
0 0 -0.3439831567 0 0 -0.4069276877 -0.3439831567 -0.4069276877 0 0 0 0.4069276877 0 0 -0.3439831567 0.4069276877 -0.3439831567 0 0.1847444632 6.938893904e-18 0 0 0.1847444632 0 0 0 1.802941155
