# exciton 0
0 0 0.08039967396 0 0 0.02055071201 0.08039967396 0.02055071201 0 0 0 -0.02055071201 0 0 0.08039967396 -0.02055071201 0.08039967396 0 -1.588896587 -3.07913417e-17 0 3.07913417e-17 -1.588896587 0 0 0 -0.9207282913
# exciton 1
0 0 -0.06644469056 0 0 0.7067309965 -0.06644469056 0.7067309965 0 0 0 -0.7067309965 0 0 -0.06644469056 -0.7067309965 -0.06644469056 0 0.3136327707 -2.081668171e-17 0 2.081668171e-17 0.3136327707 0 0 0 1.187004122
# exciton 2
0 0 -0.1322188838 0 0 0.1992596008 -0.1322188838 0.1992596008 0 0 0 -0.1992596008 0 0 -0.1322188838 -0.1992596008 -0.1322188838 0 1.354539822 6.938893904e-18 0 -6.938893904e-18 1.354539822 0 0 0 -0.2443442696
# exciton 3
0 0 -0.04640834035 0 0 -0.2049108505 -0.04640834035 -0.2049108505 0 0 0 0.2049108505 0 0 -0.04640834035 0.2049108505 -0.04640834035 0 -0.01990365207 -2.775557562e-17 0 2.775557562e-17 -0.01990365207 0 0 0 -0.2019651263
# exciton 4
0 0 -0.4490072897 0 0 -1.374520485 -0.4490072897 -1.374520485 0 0 0 1.374520485 0 0 -0.4490072897 1.374520485 -0.4490072897 0 0.4449580801 -9.714451465e-17 0 9.714451465e-17 0.4449580801 0 0 0 0.274215133
