# exciton 0
0 0 0.220894852 0 0 -0.1365181001 0.220894852 -0.1365181001 0 0 0 0.1365181001 0 0 0.220894852 0.1365181001 0.220894852 0 -0.577976835 6.938893904e-18 0 -6.938893904e-18 -0.577976835 0 0 0 -0.7657449713
# exciton 1
0 0 0.6633704239 0 0 -0.5232254251 0.6633704239 -0.5232254251 0 0 0 0.5232254251 0 0 0.6633704239 0.5232254251 0.6633704239 0 -0.458114275 -1.387778781e-17 0 1.387778781e-17 -0.458114275 0 0 0 -0.6346780487
# exciton 2
0 0 -0.2749835995 0 0 -0.246351798 -0.2749835995 -0.246351798 0 0 0 0.246351798 0 0 -0.2749835995 0.246351798 -0.2749835995 0 -0.1021791327 -1.387778781e-17 0 1.387778781e-17 -0.1021791327 0 0 0 -0.05828745762
# exciton 3
0 0 -0.05423882631 0 0 0.4289512158 -0.05423882631 0.4289512158 0 0 0 -0.4289512158 0 0 -0.05423882631 -0.4289512158 -0.05423882631 0 0.7629576435 2.775557562e-17 0 -2.775557562e-17 0.7629576435 0 0 0 -2.47808185
# exciton 4
0 0 0.5452000997 0 0 0.3893308676 0.5452000997 0.3893308676 0 0 0 -0.3893308676 0 0 0.5452000997 -0.3893308676 0.5452000997 0 1.808950604 6.938893904e-17 0 -6.938893904e-17 1.808950604 0 0 0 -1.412788546
