# exciton 0
0 0 -0.1517124661 0 0 -0.07288770621 -0.1517124661 -0.07288770621 0 0 0 0.07288770621 0 0 -0.1517124661 0.07288770621 -0.1517124661 0 0.8726276557 -6.071532166e-18 0 6.071532166e-18 0.8726276557 0 0 0 0.7177477154
# exciton 1
0 0 -0.3205822578 0 0 0.4848504708 -0.3205822578 0.4848504708 0 0 0 -0.4848504708 0 0 -0.3205822578 -0.4848504708 -0.3205822578 0 0.09727218289 4.857225733e-17 0 -4.857225733e-17 0.09727218289 0 0 0 0.2676605577
# exciton 2
0 0 0.2297912401 0 0 -0.3203676784 0.2297912401 -0.3203676784 0 0 0 0.3203676784 0 0 0.2297912401 0.3203676784 0.2297912401 0 -1.02354162 1.387778781e-17 0 -1.387778781e-17 -1.02354162 0 0 0 0.0441750115
# exciton 3
0 0 -0.06644119973 0 0 0.6545508573 -0.06644119973 0.6545508573 0 0 0 -0.6545508573 0 0 -0.06644119973 -0.6545508573 -0.06644119973 0 0.1503699901 -1.526556659e-16 0 1.526556659e-16 0.1503699901 0 0 0 0.4904749203
# exciton 4
0 0 0.2030138781 0 0 -0.8928197652 0.2030138781 -0.8928197652 0 0 0 0.8928197652 0 0 0.2030138781 0.8928197652 0.2030138781 0 -1.072191578 -9.36750677e-17 0 9.36750677e-17 -1.072191578 0 0 0 1.00574877
