# exciton 0
0 0 -0.04149787534 0 0 -0.1011461777 -0.04149787534 -0.1011461777 0 0 0 0.1011461777 0 0 -0.04149787534 0.1011461777 -0.04149787534 0 0.01729674833 -6.071532166e-18 0 2.602085214e-18 0.01729674833 0 0 0 0.01793015575
# exciton 1
0 0 -0.1489785051 0 0 0.2276800385 -0.1489785051 0.2276800385 0 0 0 -0.2276800385 0 0 -0.1489785051 -0.2276800385 -0.1489785051 0 0.7228234953 2.775557562e-17 0 -2.775557562e-17 0.7228234953 0 0 0 0.8737499914
# exciton 2
0 0 0.4467718791 0 0 -0.577827687 0.4467718791 -0.577827687 0 0 0 0.577827687 0 0 0.4467718791 0.577827687 0.4467718791 0 -0.4702967822 4.163336342e-17 0 -4.163336342e-17 -0.4702967822 0 0 0 -0.609061411
# exciton 3
0 0 0.2805475041 0 0 0.6839554591 0.2805475041 0.6839554591 0 0 0 -0.6839554591 0 0 0.2805475041 -0.6839554591 0.2805475041 0 1.013916511 2.775557562e-17 0 -2.775557562e-17 1.013916511 0 0 0 -0.9973933868
# exciton 4
0 0 0.8869607422 0 0 0.1644831667 0.8869607422 0.1644831667 0 0 0 -0.1644831667 0 0 0.8869607422 -0.1644831667 0.8869607422 0 -0.3356098187 -2.775557562e-17 0 2.775557562e-17 -0.3356098187 0 0 0 0.315651332
