# exciton 0
0 0 -0.06927961788 0 0 0.1480609626 -0.06927961788 0.1480609626 0 0 0 -0.1480609626 0 0 -0.06927961788 -0.1480609626 -0.06927961788 0 0.3450715954 5.204170428e-18 0 -1.214306433e-17 0.3450715954 0 0 0 0.3973695312
# exciton 1
0 0 -0.5724029421 0 0 0.02005024438 -0.5724029421 0.02005024438 0 0 0 -0.02005024438 0 0 -0.5724029421 -0.02005024438 -0.5724029421 0 -0.3796305713 -5.551115123e-17 0 0 -0.3796305713 0 0 0 -0.05920116185
# exciton 2
0 0 -0.4170001622 0 0 0.007473630926 -0.4170001622 0.007473630926 0 0 0 -0.007473630926 0 0 -0.4170001622 -0.007473630926 -0.4170001622 0 0.8303178055 0 0 2.775557562e-17 0.8303178055 0 0 0 1.017724838
# exciton 3
0 0 1.371555389 0 0 0.8204798766 1.371555389 0.8204798766 0 0 0 -0.8204798766 0 0 1.371555389 -0.8204798766 1.371555389 0 -0.3709333292 -2.775557562e-17 0 2.775557562e-17 -0.3709333292 0 0 0 0.4337824771
# exciton 4
0 0 -0.6680542048 0 0 -0.3183915862 -0.6680542048 -0.3183915862 0 0 0 0.3183915862 0 0 -0.6680542048 0.3183915862 -0.6680542048 0 -0.3154173106 2.220446049e-16 0 -2.220446049e-16 -0.3154173106 0 0 0 -1.000496114
