# exciton 0
0 0 0.1222544498 0 0 0.01400998215 0.1222544498 0.01400998215 0 0 0 -0.01400998215 0 0 0.1222544498 -0.01400998215 0.1222544498 0 -1.271245239 -1.973247954e-17 0 1.973247954e-17 -1.271245239 0 0 0 -0.854842197
# exciton 1
0 0 0.05724043774 0 0 0.7810853846 0.05724043774 0.7810853846 0 0 0 -0.7810853846 0 0 0.05724043774 -0.7810853846 0.05724043774 0 0.2074531173 -2.775557562e-17 0 2.775557562e-17 0.2074531173 0 0 0 0.5731955373
# exciton 2
0 0 -0.0544037907 0 0 -0.02339077825 -0.0544037907 -0.02339077825 0 0 0 0.02339077825 0 0 -0.0544037907 0.02339077825 -0.0544037907 0 1.477241579 2.949029909e-17 0 -2.949029909e-17 1.477241579 0 0 0 -0.3681738347
# exciton 3
0 0 0.1981900066 0 0 0.2461029183 0.1981900066 0.2461029183 0 0 0 -0.2461029183 0 0 0.1981900066 -0.2461029183 0.1981900066 0 -0.05078310084 -1.45716772e-16 0 1.45716772e-16 -0.05078310084 0 0 0 -0.3400949913
# exciton 4
0 0 -0.4783563479 0 0 -1.4091277 -0.4783563479 -1.4091277 0 0 0 1.4091277 0 0 -0.4783563479 1.4091277 -0.4783563479 0 0.5572111296 -1.006139616e-16 0 1.006139616e-16 0.5572111296 0 0 0 -0.166510705
