# exciton 0
0 0 0.07371729429 0 0 -0.1681400504 0.07371729429 -0.1681400504 0 0 0 0.1681400504 0 0 0.07371729429 0.1681400504 0.07371729429 0 -0.3347760236 2.168404345e-18 0 -2.168404345e-18 -0.3347760236 0 0 0 -0.4288298162
# exciton 1
0 0 -0.1449599472 0 0 -0.1757211659 -0.1449599472 -0.1757211659 0 0 0 0.1757211659 0 0 -0.1449599472 0.1757211659 -0.1449599472 0 1.287221601 -1.387778781e-17 0 1.387778781e-17 1.287221601 0 0 0 0.9786258152
# exciton 2
0 0 0.1244152845 0 0 -0.5583302619 0.1244152845 -0.5583302619 0 0 0 0.5583302619 0 0 0.1244152845 0.5583302619 0.1244152845 0 0.005361051163 -3.469446952e-18 0 -1.040834086e-17 0.005361051163 0 0 0 0.01731001091
# exciton 3
0 0 0.1450282508 0 0 -0.04215670447 0.1450282508 -0.04215670447 0 0 0 0.04215670447 0 0 0.1450282508 0.04215670447 0.1450282508 0 0.4035013247 0 0 0 0.4035013247 0 0 0 0.375492096
# exciton 4
0 0 0.6113007731 0 0 1.220126365 0.6113007731 1.220126365 0 0 0 -1.220126365 0 0 0.6113007731 -1.220126365 0.6113007731 0 -0.5538187592 -1.387778781e-17 0 6.938893904e-18 -0.5538187592 0 0 0 0.3769488372
