# exciton 0
0 0 -0.1426729274 0 0 0.07623659008 -0.1426729274 0.07623659008 0 0 0 -0.07623659008 0 0 -0.1426729274 -0.07623659008 -0.1426729274 0 1.180019357 -3.512815039e-17 0 3.512815039e-17 1.180019357 0 0 0 0.8690217533
# exciton 1
0 0 0.02937977275 0 0 0.9263277148 0.02937977275 0.9263277148 0 0 0 -0.9263277148 0 0 0.02937977275 -0.9263277148 0.02937977275 0 -0.4233628651 -3.469446952e-17 0 3.469446952e-17 -0.4233628651 0 0 0 -0.6086623946
# exciton 2
0 0 -0.03192748686 0 0 0.01614468288 -0.03192748686 0.01614468288 0 0 0 -0.01614468288 0 0 -0.03192748686 -0.01614468288 -0.03192748686 0 -1.710663013 -5.551115123e-17 0 5.551115123e-17 -1.710663013 0 0 0 0.4312765192
# exciton 3
0 0 -0.5118551354 0 0 0.1382765576 -0.5118551354 0.1382765576 0 0 0 -0.1382765576 0 0 -0.5118551354 -0.1382765576 -0.5118551354 0 0.0165757112 0 0 0 0.0165757112 0 0 0 0.2226875668
# exciton 4
0 0 0.6670406824 0 0 -1.414892584 0.6670406824 -1.414892584 0 0 0 1.414892584 0 0 0.6670406824 1.414892584 0.6670406824 0 -0.1659781649 -5.551115123e-17 0 5.551115123e-17 -0.1659781649 0 0 0 -0.1123721841
