# exciton 0
0 0 0.09920799853 0 0 -0.04983456159 0.09920799853 -0.04983456159 0 0 0 0.04983456159 0 0 0.09920799853 0.04983456159 0.09920799853 0 -1.57113482 -8.67361738e-19 0 8.67361738e-19 -1.57113482 0 0 0 -0.9545130058
# exciton 1
0 0 0.1796636366 0 0 0.246602764 0.1796636366 0.246602764 0 0 0 -0.246602764 0 0 0.1796636366 -0.246602764 0.1796636366 0 0.1177060585 -4.163336342e-17 0 4.163336342e-17 0.1177060585 0 0 0 0.8637904844
# exciton 2
0 0 -0.2897925001 0 0 0.188671869 -0.2897925001 0.188671869 0 0 0 -0.188671869 0 0 -0.2897925001 -0.188671869 -0.2897925001 0 0.8410913491 0 0 0 0.8410913491 0 0 0 -0.05062951631
# exciton 3
0 0 -0.495781327 0 0 0.01467526836 -0.495781327 0.01467526836 0 0 0 -0.01467526836 0 0 -0.495781327 -0.01467526836 -0.495781327 0 -0.01517202869 -1.110223025e-16 0 1.110223025e-16 -0.01517202869 0 0 0 -0.431240625
# exciton 4
0 0 0.009429405082 0 0 -1.11441363 0.009429405082 -1.11441363 0 0 0 1.11441363 0 0 0.009429405082 1.11441363 0.009429405082 0 1.099463278 -9.714451465e-17 0 9.714451465e-17 1.099463278 0 0 0 -0.3610694677
