# exciton 0
0 0 0.1227945337 0 0 -0.146500009 0.1227945337 -0.146500009 0 0 0 0.146500009 0 0 0.1227945337 0.146500009 0.1227945337 0 -0.3698566499 -3.69122035e-18 0 3.69122035e-18 -0.3698566499 0 0 0 -0.3942347427
# exciton 1
0 0 0.4254954121 0 0 0.1266016607 0.4254954121 0.1266016607 0 0 0 -0.1266016607 0 0 0.4254954121 -0.1266016607 0.4254954121 0 -0.5058167676 8.242163177e-18 0 -8.242163177e-18 -0.5058167676 0 0 0 -0.8900013719
# exciton 2
0 0 -0.3705389864 0 0 -0.560914369 -0.3705389864 -0.560914369 0 0 0 0.560914369 0 0 -0.3705389864 0.560914369 -0.3705389864 0 0.4685404973 4.266582554e-17 0 -4.266582554e-17 0.4685404973 0 0 0 0.2861657645
# exciton 3
0 0 -0.02932083135 0 0 0.6652773399 -0.02932083135 0.6652773399 0 0 0 -0.6652773399 0 0 -0.02932083135 -0.6652773399 -0.02932083135 0 -0.2428668262 -1.826061296e-17 0 1.826061296e-17 -0.2428668262 0 0 0 -0.5619856125
# exciton 4
0 0 -0.1569855164 0 0 0.04520025389 -0.1569855164 0.04520025389 0 0 0 -0.04520025389 0 0 -0.1569855164 -0.04520025389 -0.1569855164 0 1.19734406 -5.205098846e-17 0 5.205098846e-17 1.19734406 0 0 0 -1.275518039
