# exciton 0
0 0 0.2396518896 0 0 -0.07351547751 0.2396518896 -0.07351547751 0 0 0 0.07351547751 0 0 0.2396518896 0.07351547751 0.2396518896 0 -0.8233007182 -1.496198998e-17 0 1.496198998e-17 -0.8233007182 0 0 0 -1.043693561
# exciton 1
0 0 0.1806342719 0 0 -0.03950194187 0.1806342719 -0.03950194187 0 0 0 0.03950194187 0 0 0.1806342719 0.03950194187 0.1806342719 0 1.816318354 -1.387778781e-16 0 1.387778781e-16 1.816318354 0 0 0 0.543354986
# exciton 2
0 0 -0.4547899676 0 0 -0.1798018918 -0.4547899676 -0.1798018918 0 0 0 0.1798018918 0 0 -0.4547899676 0.1798018918 -0.4547899676 0 0.3465789648 -5.724587471e-17 0 5.724587471e-17 0.3465789648 0 0 0 0.9866785723
# exciton 3
0 0 -0.137721435 0 0 -0.9187429857 -0.137721435 -0.9187429857 0 0 0 0.9187429857 0 0 -0.137721435 0.9187429857 -0.137721435 0 -0.2303279857 3.469446952e-17 0 -3.469446952e-17 -0.2303279857 0 0 0 1.467155758
# exciton 4
0 0 0.6086790639 0 0 1.211001223 0.6086790639 1.211001223 0 0 0 -1.211001223 0 0 0.6086790639 -1.211001223 0.6086790639 0 -0.08133099373 3.122502257e-17 0 -3.122502257e-17 -0.08133099373 0 0 0 -0.3865025154
