# exciton 0
0 0 0.1376319596 0 0 0.03771234098 0.1376319596 0.03771234098 0 0 0 -0.03771234098 0 0 0.1376319596 -0.03771234098 0.1376319596 0 -1.083913605 -2.955681131e-17 0 2.955681131e-17 -1.083913605 0 0 0 -0.7987213896
# exciton 1
0 0 0.03623398168 0 0 0.8580117141 0.03623398168 0.8580117141 0 0 0 -0.8580117141 0 0 0.03623398168 -0.8580117141 0.03623398168 0 0.20501883 -1.622713439e-17 0 1.622713439e-17 0.20501883 0 0 0 0.3801123413
# exciton 2
0 0 -0.0149629679 0 0 -0.101692265 -0.0149629679 -0.101692265 0 0 0 0.101692265 0 0 -0.0149629679 0.101692265 -0.0149629679 0 1.58386727 -6.946706331e-17 0 6.946706331e-17 1.58386727 0 0 0 -0.3814975733
# exciton 3
0 0 0.4021637107 0 0 0.3985194791 0.4021637107 0.3985194791 0 0 0 -0.3985194791 0 0 0.4021637107 -0.3985194791 0.4021637107 0 -0.08964936487 -8.368264711e-17 0 8.368264711e-17 -0.08964936487 0 0 0 -0.2728743478
# exciton 4
0 0 -0.6412389585 0 0 -1.394765296 -0.6412389585 -1.394765296 0 0 0 1.394765296 0 0 -0.6412389585 1.394765296 -0.6412389585 0 0.3647484401 -7.746158938e-17 0 7.746158938e-17 0.3647484401 0 0 0 -0.1029657269
