# exciton 0
0 0 0.1196321201 0 0 0.1338173798 0.1196321201 0.1338173798 0 0 0 -0.1338173798 0 0 0.1196321201 -0.1338173798 0.1196321201 0 -0.4310967865 -3.816391647e-17 0 3.816391647e-17 -0.4310967865 0 0 0 -0.439588131
# exciton 1
0 0 -0.1863017901 0 0 0.7302446784 -0.1863017901 0.7302446784 0 0 0 -0.7302446784 0 0 -0.1863017901 -0.7302446784 -0.1863017901 0 0.1437594963 6.938893904e-18 0 -6.938893904e-18 0.1437594963 0 0 0 0.04450014362
# exciton 2
0 0 -0.09435976508 0 0 -0.1589652929 -0.09435976508 -0.1589652929 0 0 0 0.1589652929 0 0 -0.09435976508 0.1589652929 -0.09435976508 0 1.555209239 -5.898059818e-17 0 5.898059818e-17 1.555209239 0 0 0 0.06170100772
# exciton 3
0 0 1.051295764 0 0 0.743603155 1.051295764 0.743603155 0 0 0 -0.743603155 0 0 1.051295764 -0.743603155 1.051295764 0 -0.184521449 1.387778781e-17 0 -1.387778781e-17 -0.184521449 0 0 0 0.02435569501
# exciton 4
0 0 -0.9196084052 0 0 -1.041108557 -0.9196084052 -1.041108557 0 0 0 1.041108557 0 0 -0.9196084052 1.041108557 -0.9196084052 0 -0.2116489761 9.714451465e-17 0 -9.714451465e-17 -0.2116489761 0 0 0 -0.1540151366
