# exciton 0
0 0 -0.03084372929 0 0 -0.1544456013 -0.03084372929 -0.1544456013 0 0 0 0.1544456013 0 0 -0.03084372929 0.1544456013 -0.03084372929 0 -0.02304820166 -8.67361738e-19 0 8.67361738e-19 -0.02304820166 0 0 0 -0.0264517722
# exciton 1
0 0 -0.2695268558 0 0 0.02496436703 -0.2695268558 0.02496436703 0 0 0 -0.02496436703 0 0 -0.2695268558 -0.02496436703 -0.2695268558 0 0.8622433525 0 0 0 0.8622433525 0 0 0 1.023267878
# exciton 2
0 0 0.3733481832 0 0 -0.621527252 0.3733481832 -0.621527252 0 0 0 0.621527252 0 0 0.3733481832 0.621527252 0.3733481832 0 -0.2493129744 2.775557562e-17 0 -2.775557562e-17 -0.2493129744 0 0 0 -0.4104912929
# exciton 3
0 0 0.2291719447 0 0 0.472362863 0.2291719447 0.472362863 0 0 0 -0.472362863 0 0 0.2291719447 -0.472362863 0.2291719447 0 0.6577576061 0 0 0 0.6577576061 0 0 0 -0.1870447632
# exciton 4
0 0 0.5679967969 0 0 0.5921791993 0.5679967969 0.5921791993 0 0 0 -0.5921791993 0 0 0.5679967969 -0.5921791993 0.5679967969 0 -0.7124183092 -2.775557562e-17 0 2.775557562e-17 -0.7124183092 0 0 0 0.6951224931
