# exciton 0
0 0 -0.1722419409 0 0 0.1063488196 -0.1722419409 0.1063488196 0 0 0 -0.1063488196 0 0 -0.1722419409 -0.1063488196 -0.1722419409 0 0.918000617 2.341876693e-17 0 -3.035766083e-17 0.918000617 0 0 0 0.9153862729
# exciton 1
0 0 -0.6278574775 0 0 -0.4691560504 -0.6278574775 -0.4691560504 0 0 0 0.4691560504 0 0 -0.6278574775 0.4691560504 -0.6278574775 0 -0.5905777366 1.387778781e-17 0 -4.163336342e-17 -0.5905777366 0 0 0 -0.4245381328
# exciton 2
0 0 -0.3397307806 0 0 0.2761800489 -0.3397307806 0.2761800489 0 0 0 -0.2761800489 0 0 -0.3397307806 -0.2761800489 -0.3397307806 0 0.3875035918 1.387778781e-17 0 1.387778781e-17 0.3875035918 0 0 0 1.067478516
# exciton 3
0 0 1.478115779 0 0 0.4480666518 1.478115779 0.4480666518 0 0 0 -0.4480666518 0 0 1.478115779 -0.4480666518 1.478115779 0 -0.3600396728 -1.387778781e-17 0 1.387778781e-17 -0.3600396728 0 0 0 0.4784116501
# exciton 4
0 0 -0.2166900468 0 0 0.03195942737 -0.2166900468 0.03195942737 0 0 0 -0.03195942737 0 0 -0.2166900468 -0.03195942737 -0.2166900468 0 -0.1831670414 2.498001805e-16 0 -2.567390744e-16 -0.1831670414 0 0 0 -1.788311229
