# exciton 0
0 0 -0.2514665172 0 0 0.05898841068 -0.2514665172 0.05898841068 0 0 0 -0.05898841068 0 0 -0.2514665172 -0.05898841068 -0.2514665172 0 0.7060002885 -3.577867169e-17 0 2.883977779e-17 0.7060002885 0 0 0 0.9794234987
# exciton 1
0 0 -0.2983942205 0 0 0.2384777765 -0.2983942205 0.2384777765 0 0 0 -0.2384777765 0 0 -0.2983942205 -0.2384777765 -0.2983942205 0 -1.800548969 -9.540979118e-17 0 8.153200337e-17 -1.800548969 0 0 0 0.1601361421
# exciton 2
0 0 0.3251917303 0 0 -0.01381967698 0.3251917303 -0.01381967698 0 0 0 0.01381967698 0 0 0.3251917303 0.01381967698 0.3251917303 0 -1.030301729 -8.847089727e-17 0 1.023486851e-16 -1.030301729 0 0 0 -0.7183750674
# exciton 3
0 0 -0.14168863 0 0 -0.6278273641 -0.14168863 -0.6278273641 0 0 0 0.6278273641 0 0 -0.14168863 0.6278273641 -0.14168863 0 0.6065734456 2.081668171e-17 0 3.469446952e-17 0.6065734456 0 0 0 -1.908936596
# exciton 4
0 0 -0.3947504116 0 0 0.3966851943 -0.3947504116 0.3966851943 0 0 0 -0.3966851943 0 0 -0.3947504116 -0.3966851943 -0.3947504116 0 -0.06970657054 1.301042607e-16 0 -1.162264729e-16 -0.06970657054 0 0 0 1.077049467
