# exciton 0
0 0 -0.04057128692 0 0 -0.1815963451 -0.04057128692 -0.1815963451 0 0 0 0.1815963451 0 0 -0.04057128692 0.1815963451 -0.04057128692 0 0.01945905829 -2.493664997e-18 0 2.493664997e-18 0.01945905829 0 0 0 0.0260267476
# exciton 1
0 0 -0.3517221793 0 0 -0.2153640991 -0.3517221793 -0.2153640991 0 0 0 0.2153640991 0 0 -0.3517221793 0.2153640991 -0.3517221793 0 0.9907716428 -1.561251128e-17 0 1.561251128e-17 0.9907716428 0 0 0 0.9396597987
# exciton 2
0 0 0.2349822605 0 0 -0.5914640672 0.2349822605 -0.5914640672 0 0 0 0.5914640672 0 0 0.2349822605 0.5914640672 0.2349822605 0 -0.03805427961 9.974659987e-18 0 -9.974659987e-18 -0.03805427961 0 0 0 -0.06019048616
# exciton 3
0 0 -0.1154649285 0 0 0.2749505224 -0.1154649285 0.2749505224 0 0 0 -0.2749505224 0 0 -0.1154649285 -0.2749505224 -0.1154649285 0 -0.1416418924 -6.938893904e-18 0 6.938893904e-18 -0.1416418924 0 0 0 1.450020221
# exciton 4
0 0 0.1384109801 0 0 0.9198852762 0.1384109801 0.9198852762 0 0 0 -0.9198852762 0 0 0.1384109801 -0.9198852762 0.1384109801 0 -1.158689163 3.469446952e-18 0 -3.469446952e-18 -1.158689163 0 0 0 1.07088413
