# exciton 0
0 0 -0.1697397148 0 0 -0.131186298 -0.1697397148 -0.131186298 0 0 0 0.131186298 0 0 -0.1697397148 0.131186298 -0.1697397148 0 0.7219811073 -2.602085214e-18 0 6.071532166e-18 0.7219811073 0 0 0 0.6880395839
# exciton 1
0 0 -0.5022273409 0 0 0.1624152358 -0.5022273409 0.1624152358 0 0 0 -0.1624152358 0 0 -0.5022273409 -0.1624152358 -0.5022273409 0 0.2372050231 -6.938893904e-18 0 6.938893904e-18 0.2372050231 0 0 0 0.6329042285
# exciton 2
0 0 0.3272958277 0 0 -0.4026328987 0.3272958277 -0.4026328987 0 0 0 0.4026328987 0 0 0.3272958277 0.4026328987 0.3272958277 0 -0.6212426689 3.469446952e-17 0 -3.469446952e-17 -0.6212426689 0 0 0 -0.1107213865
# exciton 3
0 0 0.0002504359102 0 0 0.6465141371 0.0002504359102 0.6465141371 0 0 0 -0.6465141371 0 0 0.0002504359102 -0.6465141371 0.0002504359102 0 -0.02963002464 -5.551115123e-17 0 5.551115123e-17 -0.02963002464 0 0 0 0.9938350264
# exciton 4
0 0 -0.1631896438 0 0 -0.3909151321 -0.1631896438 -0.3909151321 0 0 0 0.3909151321 0 0 -0.1631896438 0.3909151321 -0.1631896438 0 -1.520695706 -6.938893904e-17 0 6.938893904e-17 -1.520695706 0 0 0 1.583501313
