# exciton 0
0 0 -0.0841740213 0 0 0.01700557469 -0.0841740213 0.01700557469 0 0 0 -0.01700557469 0 0 -0.0841740213 -0.01700557469 -0.0841740213 0 1.643510526 6.938893904e-18 0 -6.938893904e-18 1.643510526 0 0 0 1.039481319
# exciton 1
0 0 -0.04891085082 0 0 -0.4199130055 -0.04891085082 -0.4199130055 0 0 0 0.4199130055 0 0 -0.04891085082 0.4199130055 -0.04891085082 0 -0.6174836743 -2.775557562e-17 0 2.775557562e-17 -0.6174836743 0 0 0 -1.873001483
# exciton 2
0 0 0.141456164 0 0 0.4773670566 0.141456164 0.4773670566 0 0 0 -0.4773670566 0 0 0.141456164 -0.4773670566 0.141456164 0 0.03465872787 -2.775557562e-17 0 2.775557562e-17 0.03465872787 0 0 0 0.171613136
# exciton 3
0 0 0.7421027244 0 0 -0.5159139657 0.7421027244 -0.5159139657 0 0 0 0.5159139657 0 0 0.7421027244 0.5159139657 0.7421027244 0 -0.7428346983 0 0 0 -0.7428346983 0 0 0 1.068636726
# exciton 4
0 0 0.04102671001 0 0 0.1957821831 0.04102671001 0.1957821831 0 0 0 -0.1957821831 0 0 0.04102671001 -0.1957821831 0.04102671001 0 -0.009774572216 4.163336342e-17 0 -4.163336342e-17 -0.009774572216 0 0 0 -1.947491389
