# exciton 0
0 0 -0.1293871952 0 0 -0.1014883979 -0.1293871952 -0.1014883979 0 0 0 0.1014883979 0 0 -0.1293871952 0.1014883979 -0.1293871952 0 0.4927235948 -4.987329993e-18 0 4.987329993e-18 0.4927235948 0 0 0 0.4702340139
# exciton 1
0 0 -0.3267729458 0 0 0.3588313961 -0.3267729458 0.3588313961 0 0 0 -0.3588313961 0 0 -0.3267729458 -0.3588313961 -0.3267729458 0 0.356135945 4.163336342e-17 0 -4.163336342e-17 0.356135945 0 0 0 0.6742026651
# exciton 2
0 0 0.3394467476 0 0 -0.5040897429 0.3394467476 -0.5040897429 0 0 0 0.5040897429 0 0 0.3394467476 0.5040897429 0.3394467476 0 -0.7584232058 4.423544864e-17 0 -4.423544864e-17 -0.7584232058 0 0 0 -0.2449821692
# exciton 3
0 0 0.00470254986 0 0 0.7677202694 0.00470254986 0.7677202694 0 0 0 -0.7677202694 0 0 0.00470254986 -0.7677202694 0.00470254986 0 0.4064853063 8.67361738e-17 0 -8.67361738e-17 0.4064853063 0 0 0 0.1325462049
# exciton 4
0 0 0.3867942989 0 0 -0.3995437676 0.3867942989 -0.3995437676 0 0 0 0.3995437676 0 0 0.3867942989 0.3995437676 0.3867942989 0 -0.9233037852 -6.938893904e-17 0 6.938893904e-17 -0.9233037852 0 0 0 0.9486246373
