# exciton 0
0 0 0.1383043878 0 0 -0.144945332 0.1383043878 -0.144945332 0 0 0 0.144945332 0 0 0.1383043878 0.144945332 0.1383043878 0 -0.6213873773 4.33680869e-18 0 -4.33680869e-18 -0.6213873773 0 0 0 -0.7241725332
# exciton 1
0 0 -0.04093732161 0 0 -0.1512538862 -0.04093732161 -0.1512538862 0 0 0 0.1512538862 0 0 -0.04093732161 0.1512538862 -0.04093732161 0 1.404094144 -1.387778781e-17 0 1.387778781e-17 1.404094144 0 0 0 1.097155178
# exciton 2
0 0 0.01336973974 0 0 -0.4412616497 0.01336973974 -0.4412616497 0 0 0 0.4412616497 0 0 0.01336973974 0.4412616497 0.01336973974 0 0.02122531281 -1.387778781e-17 0 1.387778781e-17 0.02122531281 0 0 0 0.1159972619
# exciton 3
0 0 0.3743412962 0 0 -0.3288469686 0.3743412962 -0.3288469686 0 0 0 0.3288469686 0 0 0.3743412962 0.3288469686 0.3743412962 0 0.8444032936 -2.775557562e-17 0 2.775557562e-17 0.8444032936 0 0 0 -0.5419236118
# exciton 4
0 0 0.8429642777 0 0 1.313580149 0.8429642777 1.313580149 0 0 0 -1.313580149 0 0 0.8429642777 -1.313580149 0.8429642777 0 -0.1711441757 -1.387778781e-17 0 1.387778781e-17 -0.1711441757 0 0 0 0.04478831438
