# exciton 0
0 0 -0.06818500077 0 0 -0.1817028296 -0.06818500077 -0.1817028296 0 0 0 0.1817028296 0 0 -0.06818500077 0.1817028296 -0.06818500077 0 0.1003789703 2.602085214e-18 0 -2.602085214e-18 0.1003789703 0 0 0 0.1349804173
# exciton 1
0 0 -0.4032670025 0 0 -0.2386202949 -0.4032670025 -0.2386202949 0 0 0 0.2386202949 0 0 -0.4032670025 0.2386202949 -0.4032670025 0 0.9166960053 -5.204170428e-17 0 5.204170428e-17 0.9166960053 0 0 0 0.92385524
# exciton 2
0 0 0.2469250591 0 0 -0.5747289359 0.2469250591 -0.5747289359 0 0 0 0.5747289359 0 0 0.2469250591 0.5747289359 0.2469250591 0 -0.03869209753 -3.469446952e-18 0 3.469446952e-18 -0.03869209753 0 0 0 -0.0516588295
# exciton 3
0 0 -0.1666346094 0 0 0.3226407163 -0.1666346094 0.3226407163 0 0 0 -0.3226407163 0 0 -0.1666346094 -0.3226407163 -0.1666346094 0 -0.2824523439 0 0 0 -0.2824523439 0 0 0 1.718081664
# exciton 4
0 0 0.006938155968 0 0 0.8440040016 0.006938155968 0.8440040016 0 0 0 -0.8440040016 0 0 0.006938155968 -0.8440040016 0.006938155968 0 -1.307546301 3.469446952e-18 0 -3.469446952e-18 -1.307546301 0 0 0 1.235758057
