# exciton 0
0 0 -0.08587011405 0 0 0.02603488929 -0.08587011405 0.02603488929 0 0 0 -0.02603488929 0 0 -0.08587011405 -0.02603488929 -0.08587011405 0 0.6316448108 5.204170428e-18 0 -5.204170428e-18 0.6316448108 0 0 0 0.5976789431
# exciton 1
0 0 -0.3420013104 0 0 -0.01502062647 -0.3420013104 -0.01502062647 0 0 0 0.01502062647 0 0 -0.3420013104 0.01502062647 -0.3420013104 0 -0.8996612941 0 0 0 -0.8996612941 0 0 0 -0.708681369
# exciton 2
0 0 -0.5377850023 0 0 -0.1765917197 -0.5377850023 -0.1765917197 0 0 0 0.1765917197 0 0 -0.5377850023 0.1765917197 -0.5377850023 0 0.3163116075 2.775557562e-17 0 -2.775557562e-17 0.3163116075 0 0 0 1.158570313
# exciton 3
0 0 -0.01128508915 0 0 0.5132614975 -0.01128508915 0.5132614975 0 0 0 -0.5132614975 0 0 -0.01128508915 -0.5132614975 -0.01128508915 0 -1.502870182 -2.775557562e-17 0 2.775557562e-17 -1.502870182 0 0 0 2.245832831
# exciton 4
0 0 -1.175257137 0 0 0.2338358856 -1.175257137 0.2338358856 0 0 0 -0.2338358856 0 0 -1.175257137 -0.2338358856 -1.175257137 0 -0.4676970764 1.249000903e-16 0 -1.249000903e-16 -0.4676970764 0 0 0 -0.1493808623
