# exciton 0
0 0 0.0975069324 0 0 -0.1805561446 0.0975069324 -0.1805561446 0 0 0 0.1805561446 0 0 0.0975069324 0.1805561446 0.0975069324 0 -0.1898006776 0 0 3.469446952e-18 -0.1898006776 0 0 0 -0.2517631362
# exciton 1
0 0 0.4583352198 0 0 -0.2432153487 0.4583352198 -0.2432153487 0 0 0 0.2432153487 0 0 0.4583352198 0.2432153487 0.4583352198 0 -0.8171419643 2.775557562e-17 0 -2.775557562e-17 -0.8171419643 0 0 0 -0.9209919007
# exciton 2
0 0 -0.2700477111 0 0 -0.5551133525 -0.2700477111 -0.5551133525 0 0 0 0.5551133525 0 0 -0.2700477111 0.5551133525 -0.2700477111 0 0.06117523331 1.734723476e-18 0 -1.734723476e-18 0.06117523331 0 0 0 0.06762674724
# exciton 3
0 0 0.1801990723 0 0 0.3834104314 0.1801990723 0.3834104314 0 0 0 -0.3834104314 0 0 0.1801990723 -0.3834104314 0.1801990723 0 0.3572405634 3.469446952e-17 0 -3.469446952e-17 0.3572405634 0 0 0 -1.848813147
# exciton 4
0 0 0.1107478887 0 0 0.7281699367 0.1107478887 0.7281699367 0 0 0 -0.7281699367 0 0 0.1107478887 -0.7281699367 0.1107478887 0 1.443507355 1.387778781e-17 0 -1.387778781e-17 1.443507355 0 0 0 -1.40288368
