# exciton 0
0 0 0.1750112411 0 0 0.07036809316 0.1750112411 0.07036809316 0 0 0 -0.07036809316 0 0 0.1750112411 -0.07036809316 0.1750112411 0 -1.428324126 -4.163336342e-17 0 4.163336342e-17 -1.428324126 0 0 0 -1.116768517
# exciton 1
0 0 -0.02478465996 0 0 0.6734722683 -0.02478465996 0.6734722683 0 0 0 -0.6734722683 0 0 -0.02478465996 -0.6734722683 -0.02478465996 0 1.140876665 -1.110223025e-16 0 1.110223025e-16 1.140876665 0 0 0 1.088869296
# exciton 2
0 0 -0.3099925886 0 0 0.2511287892 -0.3099925886 0.2511287892 0 0 0 -0.2511287892 0 0 -0.3099925886 -0.2511287892 -0.3099925886 0 1.212774349 -1.110223025e-16 0 1.110223025e-16 1.212774349 0 0 0 0.35898023
# exciton 3
0 0 0.1586359976 0 0 -0.9235285183 0.1586359976 -0.9235285183 0 0 0 0.9235285183 0 0 0.1586359976 0.9235285183 0.1586359976 0 -0.06431429014 3.469446952e-18 0 -3.469446952e-18 -0.06431429014 0 0 0 0.4973007892
# exciton 4
0 0 -0.251204898 0 0 -0.5385769083 -0.251204898 -0.5385769083 0 0 0 0.5385769083 0 0 -0.251204898 0.5385769083 -0.251204898 0 -0.02565831061 -3.209238431e-17 0 3.209238431e-17 -0.02565831061 0 0 0 0.311580275
