# exciton 0
0 0 0.07626714381 0 0 -0.1686238864 0.07626714381 -0.1686238864 0 0 0 0.1686238864 0 0 0.07626714381 0.1686238864 0.07626714381 0 -0.114790681 -5.204170428e-18 0 1.734723476e-18 -0.114790681 0 0 0 -0.1710868883
# exciton 1
0 0 0.3938077993 0 0 -0.3949695205 0.3938077993 -0.3949695205 0 0 0 0.3949695205 0 0 0.3938077993 0.3949695205 0.3938077993 0 -1.011565122 -1.387778781e-17 0 1.387778781e-17 -1.011565122 0 0 0 -0.7354537616
# exciton 2
0 0 -0.1567526929 0 0 -0.493635984 -0.1567526929 -0.493635984 0 0 0 0.493635984 0 0 -0.1567526929 0.493635984 -0.1567526929 0 -0.1249646399 -2.081668171e-17 0 2.775557562e-17 -0.1249646399 0 0 0 -0.1572601107
# exciton 3
0 0 0.323411771 0 0 0.2239383476 0.323411771 0.2239383476 0 0 0 -0.2239383476 0 0 0.323411771 -0.2239383476 0.323411771 0 0.7415421537 0 0 0 0.7415421537 0 0 0 -2.610416823
# exciton 4
0 0 0.1253786999 0 0 0.9740902604 0.1253786999 0.9740902604 0 0 0 -0.9740902604 0 0 0.1253786999 -0.9740902604 0.1253786999 0 1.390197257 3.469446952e-17 0 -3.469446952e-17 1.390197257 0 0 0 -1.116293137
