# exciton 0
0 0 0.1866045903 0 0 0.1098071353 0.1866045903 0.1098071353 0 0 0 -0.1098071353 0 0 0.1866045903 -0.1098071353 0.1866045903 0 -1.215960967 -3.426572161e-17 0 3.426572161e-17 -1.215960967 0 0 0 -1.022826999
# exciton 1
0 0 0.0107151372 0 0 0.8452938549 0.0107151372 0.8452938549 0 0 0 -0.8452938549 0 0 0.0107151372 -0.8452938549 0.0107151372 0 0.9818943523 -5.767732891e-17 0 5.767732891e-17 0.9818943523 0 0 0 0.670542688
# exciton 2
0 0 -0.07079348629 0 0 0.155032146 -0.07079348629 0.155032146 0 0 0 -0.155032146 0 0 -0.07079348629 -0.155032146 -0.07079348629 0 1.613851984 -1.169287343e-16 0 1.169287343e-16 1.613851984 0 0 0 -0.1060150798
# exciton 3
0 0 0.5126114536 0 0 -0.4280376188 0.5126114536 -0.4280376188 0 0 0 0.4280376188 0 0 0.5126114536 0.4280376188 0.5126114536 0 -0.0402618675 -1.826061296e-17 0 1.826061296e-17 -0.0402618675 0 0 0 0.2344718303
# exciton 4
0 0 -0.4165084613 0 0 -0.96576188 -0.4165084613 -0.96576188 0 0 0 0.96576188 0 0 -0.4165084613 0.96576188 -0.4165084613 0 0.0006653343706 -6.948178081e-18 0 6.948178081e-18 0.0006653343706 0 0 0 0.04403682192
