# exciton 0
0 0 0.1367859931 0 0 -0.1527981383 0.1367859931 -0.1527981383 0 0 0 0.1527981383 0 0 0.1367859931 0.1527981383 0.1367859931 0 -0.4253633237 -8.67361738e-19 0 8.67361738e-19 -0.4253633237 0 0 0 -0.4575584493
# exciton 1
0 0 0.4723595877 0 0 0.07769644611 0.4723595877 0.07769644611 0 0 0 -0.07769644611 0 0 0.4723595877 -0.07769644611 0.4723595877 0 -0.473522806 6.938893904e-18 0 -6.938893904e-18 -0.473522806 0 0 0 -0.8826293677
# exciton 2
0 0 -0.3614528293 0 0 -0.5390506927 -0.3614528293 -0.5390506927 0 0 0 0.5390506927 0 0 -0.3614528293 0.5390506927 -0.3614528293 0 0.4391330664 3.035766083e-17 0 -3.035766083e-17 0.4391330664 0 0 0 0.2396490258
# exciton 3
0 0 0.007346209762 0 0 0.6452248895 0.007346209762 0.6452248895 0 0 0 -0.6452248895 0 0 0.007346209762 -0.6452248895 0.007346209762 0 -0.09492874853 0 0 0 -0.09492874853 0 0 0 -0.855041259
# exciton 4
0 0 -0.009623254235 0 0 0.04585051074 -0.009623254235 0.04585051074 0 0 0 -0.04585051074 0 0 -0.009623254235 -0.04585051074 -0.009623254235 0 1.356926809 -5.03069808e-17 0 5.03069808e-17 1.356926809 0 0 0 -1.450354699
