# exciton 0
0 0 -0.1159246895 0 0 -0.01937248439 -0.1159246895 -0.01937248439 0 0 0 0.01937248439 0 0 -0.1159246895 0.01937248439 -0.1159246895 0 1.31407877 2.602085214e-17 0 -2.602085214e-17 1.31407877 0 0 0 0.9854995485
# exciton 1
0 0 -0.06148732881 0 0 -0.2677454209 -0.06148732881 -0.2677454209 0 0 0 0.2677454209 0 0 -0.06148732881 0.2677454209 -0.06148732881 0 -0.9627799094 0 0 0 -0.9627799094 0 0 0 -1.668746126
# exciton 2
0 0 -0.06847775891 0 0 0.1378741122 -0.06847775891 0.1378741122 0 0 0 -0.1378741122 0 0 -0.06847775891 -0.1378741122 -0.06847775891 0 0.03488931445 1.387778781e-17 0 -1.387778781e-17 0.03488931445 0 0 0 0.386974548
# exciton 3
0 0 -0.1993511162 0 0 -0.4334874206 -0.1993511162 -0.4334874206 0 0 0 0.4334874206 0 0 -0.1993511162 0.4334874206 -0.1993511162 0 -1.547425378 -5.551115123e-17 0 5.551115123e-17 -1.547425378 0 0 0 2.336899708
# exciton 4
0 0 -0.6229754865 0 0 0.6753015293 -0.6229754865 0.6753015293 0 0 0 -0.6753015293 0 0 -0.6229754865 -0.6753015293 -0.6229754865 0 -0.2014870161 1.387778781e-17 0 -1.387778781e-17 -0.2014870161 0 0 0 -0.9223793706
