# exciton 0
0 0 0.1384300741 0 0 -0.02806846698 0.1384300741 -0.02806846698 0 0 0 0.02806846698 0 0 0.1384300741 0.02806846698 0.1384300741 0 -1.089139369 -1.713039433e-17 0 2.059984128e-17 -1.089139369 0 0 0 -0.7970916744
# exciton 1
0 0 0.1901444985 0 0 0.6538758257 0.1901444985 0.6538758257 0 0 0 -0.6538758257 0 0 0.1901444985 -0.6538758257 0.1901444985 0 0.05425921512 4.857225733e-17 0 6.938893904e-18 0.05425921512 0 0 0 0.1584863973
# exciton 2
0 0 -0.1289450181 0 0 -0.1716329032 -0.1289450181 -0.1716329032 0 0 0 0.1716329032 0 0 -0.1289450181 0.1716329032 -0.1289450181 0 1.285025486 3.469446952e-18 0 -3.469446952e-18 1.285025486 0 0 0 -0.2400441569
# exciton 3
0 0 0.1335962583 0 0 0.4928929187 0.1335962583 0.4928929187 0 0 0 -0.4928929187 0 0 0.1335962583 -0.4928929187 0.1335962583 0 -0.1028886272 -4.163336342e-17 0 4.163336342e-17 -0.1028886272 0 0 0 -0.4201703429
# exciton 4
0 0 -0.342760966 0 0 -1.224410378 -0.342760966 -1.224410378 0 0 0 1.224410378 0 0 -0.342760966 1.224410378 -0.342760966 0 0.8304491992 -1.006139616e-16 0 1.006139616e-16 0.8304491992 0 0 0 -0.6015312617
