# exciton 0
0 0 -0.1782149947 0 0 -0.1389204137 -0.1782149947 -0.1389204137 0 0 0 0.1389204137 0 0 -0.1782149947 0.1389204137 -0.1782149947 0 0.7353754487 6.938893904e-18 0 0 0.7353754487 0 0 0 0.7173349803
# exciton 1
0 0 -0.5427623044 0 0 0.07907578004 -0.5427623044 0.07907578004 0 0 0 -0.07907578004 0 0 -0.5427623044 -0.07907578004 -0.5427623044 0 0.2390938385 1.387778781e-17 0 -1.387778781e-17 0.2390938385 0 0 0 0.6495793266
# exciton 2
0 0 0.3350703673 0 0 -0.383789969 0.3350703673 -0.383789969 0 0 0 0.383789969 0 0 0.3350703673 0.383789969 0.3350703673 0 -0.5406127285 2.428612866e-17 0 -3.816391647e-17 -0.5406127285 0 0 0 -0.1074515222
# exciton 3
0 0 0.0087653521 0 0 0.6169824721 0.0087653521 0.6169824721 0 0 0 -0.6169824721 0 0 0.0087653521 -0.6169824721 0.0087653521 0 -0.1264255856 -4.163336342e-17 0 4.163336342e-17 -0.1264255856 0 0 0 1.194188062
# exciton 4
0 0 -0.2788350589 0 0 -0.3180656372 -0.2788350589 -0.3180656372 0 0 0 0.3180656372 0 0 -0.2788350589 0.3180656372 -0.2788350589 0 -1.641607248 -6.245004514e-17 0 6.245004514e-17 -1.641607248 0 0 0 1.702570738
