# exciton 0
0 0 -0.02242459332 0 0 -0.1584555431 -0.02242459332 -0.1584555431 0 0 0 0.1584555431 0 0 -0.02242459332 0.1584555431 -0.02242459332 0 -0.05247848465 -4.33680869e-19 0 4.33680869e-19 -0.05247848465 0 0 0 -0.0611168656
# exciton 1
0 0 -0.2655971781 0 0 -0.003336786436 -0.2655971781 -0.003336786436 0 0 0 0.003336786436 0 0 -0.2655971781 0.003336786436 -0.2655971781 0 0.9021467625 -1.387778781e-17 0 1.387778781e-17 0.9021467625 0 0 0 1.032661715
# exciton 2
0 0 0.3576756478 0 0 -0.6217512238 0.3576756478 -0.6217512238 0 0 0 0.6217512238 0 0 0.3576756478 0.6217512238 0.3576756478 0 -0.2154631692 2.081668171e-17 0 -2.081668171e-17 -0.2154631692 0 0 0 -0.3830953004
# exciton 3
0 0 0.2261313415 0 0 0.4281132452 0.2261313415 0.4281132452 0 0 0 -0.4281132452 0 0 0.2261313415 -0.4281132452 0.2261313415 0 0.6337439616 4.163336342e-17 0 -4.163336342e-17 0.6337439616 0 0 0 -0.1286048211
# exciton 4
0 0 0.5615858298 0 0 0.66796151 0.5615858298 0.66796151 0 0 0 -0.66796151 0 0 0.5615858298 -0.66796151 0.5615858298 0 -0.7138223496 -2.775557562e-17 0 2.775557562e-17 -0.7138223496 0 0 0 0.6867911574
