# exciton 0
0 0 -0.08416452741 0 0 -0.1417939296 -0.08416452741 -0.1417939296 0 0 0 0.1417939296 0 0 -0.08416452741 0.1417939296 -0.08416452741 0 0.1947171438 -5.204170428e-18 0 1.734723476e-18 0.1947171438 0 0 0 0.2111546909
# exciton 1
0 0 -0.3337137254 0 0 0.1363843833 -0.3337137254 0.1363843833 0 0 0 -0.1363843833 0 0 -0.3337137254 -0.1363843833 -0.3337137254 0 0.6419754955 -1.387778781e-17 0 1.387778781e-17 0.6419754955 0 0 0 0.9406138684
# exciton 2
0 0 0.3937810944 0 0 -0.6014331616 0.3937810944 -0.6014331616 0 0 0 0.6014331616 0 0 0.3937810944 0.6014331616 0.3937810944 0 -0.4205194118 2.949029909e-17 0 -2.949029909e-17 -0.4205194118 0 0 0 -0.3964995067
# exciton 3
0 0 0.1314805662 0 0 0.6429235077 0.1314805662 0.6429235077 0 0 0 -0.6429235077 0 0 0.1314805662 -0.6429235077 0.1314805662 0 0.5215844127 -4.163336342e-17 0 4.163336342e-17 0.5215844127 0 0 0 0.03125736145
# exciton 4
0 0 0.4287007211 0 0 0.2102969565 0.4287007211 0.2102969565 0 0 0 -0.2102969565 0 0 0.4287007211 -0.2102969565 0.4287007211 0 -0.8913884401 -4.163336342e-17 0 5.551115123e-17 -0.8913884401 0 0 0 0.9252512129
