# exciton 0
0 0 -0.1211805444 0 0 0.006687502002 -0.1211805444 0.006687502002 0 0 0 -0.006687502002 0 0 -0.1211805444 -0.006687502002 -0.1211805444 0 1.16298363 3.122502257e-17 0 -3.122502257e-17 1.16298363 0 0 0 0.9284953731
# exciton 1
0 0 -0.2116581101 0 0 -0.2804697784 -0.2116581101 -0.2804697784 0 0 0 0.2804697784 0 0 -0.2116581101 0.2804697784 -0.2116581101 0 -0.9380577705 -1.387778781e-17 0 1.387778781e-17 -0.9380577705 0 0 0 -1.333164745
# exciton 2
0 0 -0.2639267986 0 0 0.1036562041 -0.2639267986 0.1036562041 0 0 0 -0.1036562041 0 0 -0.2639267986 -0.1036562041 -0.2639267986 0 0.08849838962 2.081668171e-17 0 -2.081668171e-17 0.08849838962 0 0 0 0.7721482121
# exciton 3
0 0 -0.02256073896 0 0 -0.1079656165 -0.02256073896 -0.1079656165 0 0 0 0.1079656165 0 0 -0.02256073896 0.1079656165 -0.02256073896 0 -1.518848719 -2.775557562e-17 0 2.775557562e-17 -1.518848719 0 0 0 2.327202374
# exciton 4
0 0 -0.7243899612 0 0 0.5348816113 -0.7243899612 0.5348816113 0 0 0 -0.5348816113 0 0 -0.7243899612 -0.5348816113 -0.7243899612 0 -0.2849711823 5.551115123e-17 0 -5.551115123e-17 -0.2849711823 0 0 0 -0.8724850789
