# exciton 0
0 0 0.1122685017 0 0 0.06615000696 0.1122685017 0.06615000696 0 0 0 -0.06615000696 0 0 0.1122685017 -0.06615000696 0.1122685017 0 -0.7571778799 1.734723476e-17 0 -1.734723476e-17 -0.7571778799 0 0 0 -0.7141685638
# exciton 1
0 0 0.4638015692 0 0 -0.1502468433 0.4638015692 -0.1502468433 0 0 0 0.1502468433 0 0 0.4638015692 0.1502468433 0.4638015692 0 0.8323163461 0 0 0 0.8323163461 0 0 0 0.6085945908
# exciton 2
0 0 0.509616429 0 0 -0.004776991203 0.509616429 -0.004776991203 0 0 0 0.004776991203 0 0 0.509616429 0.004776991203 0.509616429 0 -0.3271859078 4.163336342e-17 0 -4.163336342e-17 -0.3271859078 0 0 0 -1.210765287
# exciton 3
0 0 -0.4658637241 0 0 0.4945773025 -0.4658637241 0.4945773025 0 0 0 -0.4945773025 0 0 -0.4658637241 -0.4945773025 -0.4658637241 0 1.192825259 0 0 0 1.192825259 0 0 0 -1.781912842
# exciton 4
0 0 0.9103144694 0 0 0.1492460407 0.9103144694 0.1492460407 0 0 0 -0.1492460407 0 0 0.9103144694 -0.1492460407 0.9103144694 0 0.414672465 2.081668171e-16 0 -2.081668171e-16 0.414672465 0 0 0 0.6609853462
