# exciton 0
0 0 -0.1370336437 0 0 0.1779438813 -0.1370336437 0.1779438813 0 0 0 -0.1779438813 0 0 -0.1370336437 -0.1779438813 -0.1370336437 0 0.3876875493 -3.621235256e-17 0 2.233456475e-17 0.3876875493 0 0 0 0.4877532866
# exciton 1
0 0 0.1143191999 0 0 0.5255507607 0.1143191999 0.5255507607 0 0 0 -0.5255507607 0 0 0.1143191999 -0.5255507607 0.1143191999 0 -0.7173519298 -4.163336342e-17 0 1.387778781e-17 -0.7173519298 0 0 0 0.07782054697
# exciton 2
0 0 0.05623448632 0 0 -0.008292634264 0.05623448632 -0.008292634264 0 0 0 0.008292634264 0 0 0.05623448632 0.008292634264 0.05623448632 0 -1.595244039 -3.469446952e-18 0 3.122502257e-17 -1.595244039 0 0 0 -0.1382431513
# exciton 3
0 0 -1.351574338 0 0 0.4339723555 -1.351574338 0.4339723555 0 0 0 -0.4339723555 0 0 -1.351574338 -0.4339723555 -1.351574338 0 0.005709078978 6.938893904e-18 0 -6.245004514e-17 0.005709078978 0 0 0 -0.06433179234
# exciton 4
0 0 0.3380321344 0 0 -0.7121085205 0.3380321344 -0.7121085205 0 0 0 0.7121085205 0 0 0.3380321344 0.7121085205 0.3380321344 0 0.06307066188 2.081668171e-16 0 -1.665334537e-16 0.06307066188 0 0 0 0.9902591508
