# exciton 0
0 0 -0.03172075011 0 0 0.02267313551 -0.03172075011 0.02267313551 0 0 0 -0.02267313551 0 0 -0.03172075011 -0.02267313551 -0.03172075011 0 1.88483637 -1.431146868e-17 0 2.125036258e-17 1.88483637 0 0 0 0.9765894034
# exciton 1
0 0 0.2851492983 0 0 0.4656785238 0.2851492983 0.4656785238 0 0 0 -0.4656785238 0 0 0.2851492983 -0.4656785238 0.2851492983 0 -0.5115475743 -7.285838599e-17 0 7.285838599e-17 -0.5115475743 0 0 0 -2.067437894
# exciton 2
0 0 0.4116671715 0 0 0.4510235597 0.4116671715 0.4510235597 0 0 0 -0.4510235597 0 0 0.4116671715 -0.4510235597 0.4116671715 0 -0.8811767825 -8.500145032e-17 0 2.949029909e-17 -0.8811767825 0 0 0 -0.3486469822
# exciton 3
0 0 0.3323884974 0 0 -0.9399653075 0.3323884974 -0.9399653075 0 0 0 0.9399653075 0 0 0.3323884974 0.9399653075 0.3323884974 0 -0.06163085449 -5.551115123e-17 0 -5.551115123e-17 -0.06163085449 0 0 0 -0.03805721578
# exciton 4
0 0 0.4751654858 0 0 -0.8200960099 0.4751654858 -0.8200960099 0 0 0 0.8200960099 0 0 0.4751654858 0.8200960099 0.4751654858 0 -0.0348931664 -1.249000903e-16 0 1.110223025e-16 -0.0348931664 0 0 0 -1.17937669
