# exciton 0
0 0 -0.1437388849 0 0 0.05885795356 -0.1437388849 0.05885795356 0 0 0 -0.05885795356 0 0 -0.1437388849 -0.05885795356 -0.1437388849 0 0.8737582661 -3.057450126e-17 0 3.057450126e-17 0.8737582661 0 0 0 0.7088524078
# exciton 1
0 0 -0.0003028846779 0 0 0.8728500816 -0.0003028846779 0.8728500816 0 0 0 -0.8728500816 0 0 -0.0003028846779 -0.8728500816 -0.0003028846779 0 -0.1599638111 -2.081668171e-17 0 2.081668171e-17 -0.1599638111 0 0 0 -0.1998310894
# exciton 2
0 0 0.01961817067 0 0 -0.1715803857 0.01961817067 -0.1715803857 0 0 0 0.1715803857 0 0 0.01961817067 0.1715803857 0.01961817067 0 -1.608911829 1.734723476e-18 0 -1.734723476e-18 -1.608911829 0 0 0 0.3025460867
# exciton 3
0 0 -0.5664967039 0 0 0.5627161997 -0.5664967039 0.5627161997 0 0 0 -0.5627161997 0 0 -0.5664967039 -0.5627161997 -0.5664967039 0 0.1555884078 -9.020562075e-17 0 9.020562075e-17 0.1555884078 0 0 0 0.1597699156
# exciton 4
0 0 0.7942880987 0 0 -1.32085833 0.7942880987 -1.32085833 0 0 0 1.32085833 0 0 0.7942880987 1.32085833 0.7942880987 0 -0.1777682031 -3.469446952e-17 0 3.469446952e-17 -0.1777682031 0 0 0 0.04667853662
