# exciton 0
0 0 0.08519262967 0 0 -0.1719520377 0.08519262967 -0.1719520377 0 0 0 0.1719520377 0 0 0.08519262967 0.1719520377 0.08519262967 0 -0.1719273549 0 0 0 -0.1719273549 0 0 0 -0.2061229703
# exciton 1
0 0 0.4123616511 0 0 -0.05909838452 0.4123616511 -0.05909838452 0 0 0 0.05909838452 0 0 0.4123616511 0.05909838452 0.4123616511 0 -0.7431299765 0 0 0 -0.7431299765 0 0 0 -0.9934782017
# exciton 2
0 0 -0.3408052821 0 0 -0.6025635842 -0.3408052821 -0.6025635842 0 0 0 0.6025635842 0 0 -0.3408052821 0.6025635842 -0.3408052821 0 0.2272489445 2.081668171e-17 0 -2.081668171e-17 0.2272489445 0 0 0 0.2506127938
# exciton 3
0 0 -0.002258012805 0 0 0.4976784513 -0.002258012805 0.4976784513 0 0 0 -0.4976784513 0 0 -0.002258012805 -0.4976784513 -0.002258012805 0 -0.1238896018 0 0 0 -0.1238896018 0 0 0 -0.8786900671
# exciton 4
0 0 -0.1421129717 0 0 0.5251677529 -0.1421129717 0.5251677529 0 0 0 -0.5251677529 0 0 -0.1421129717 -0.5251677529 -0.1421129717 0 1.200148072 -3.469446952e-17 0 3.469446952e-17 1.200148072 0 0 0 -1.235777697
