# exciton 0
0 0 -0.06761456821 0 0 -0.03593343574 -0.06761456821 -0.03593343574 0 0 0 0.03593343574 0 0 -0.06761456821 0.03593343574 -0.06761456821 0 1.766126601 6.071532166e-18 0 -1.301042607e-17 1.766126601 0 0 0 0.9879829857
# exciton 1
0 0 -0.0841892167 0 0 0.005041177855 -0.0841892167 0.005041177855 0 0 0 -0.005041177855 0 0 -0.0841892167 -0.005041177855 -0.0841892167 0 -0.1452682669 -4.163336342e-17 0 6.938893904e-17 -0.1452682669 0 0 0 -1.369942304
# exciton 2
0 0 0.3863701284 0 0 0.4019087842 0.3863701284 0.4019087842 0 0 0 -0.4019087842 0 0 0.3863701284 -0.4019087842 0.3863701284 0 -0.5525647466 -3.469446952e-17 0 6.938893904e-18 -0.5525647466 0 0 0 -0.1224523638
# exciton 3
0 0 0.8936999809 0 0 -0.2590642965 0.8936999809 -0.2590642965 0 0 0 0.2590642965 0 0 0.8936999809 0.2590642965 0.8936999809 0 0.07533101833 0 0 0 0.07533101833 0 0 0 0.1419554597
# exciton 4
0 0 0.09813635762 0 0 -0.9271169855 0.09813635762 -0.9271169855 0 0 0 0.9271169855 0 0 0.09813635762 0.9271169855 0.09813635762 0 -0.8354267606 -2.775557562e-17 0 2.775557562e-17 -0.8354267606 0 0 0 -0.4163030903
