# exciton 0
0 0 -0.09009929868 0 0 0.09318081758 -0.09009929868 0.09318081758 0 0 0 -0.09318081758 0 0 -0.09009929868 -0.09318081758 -0.09009929868 0 0.182338934 -1.127570259e-17 0 1.127570259e-17 0.182338934 0 0 0 0.3090632146
# exciton 1
0 0 -0.3521022536 0 0 -0.4491992429 -0.3521022536 -0.4491992429 0 0 0 0.4491992429 0 0 -0.3521022536 0.4491992429 -0.3521022536 0 0.7873936928 -4.163336342e-17 0 4.163336342e-17 0.7873936928 0 0 0 -0.114031462
# exciton 2
0 0 -0.1223335764 0 0 0.05582350924 -0.1223335764 0.05582350924 0 0 0 -0.05582350924 0 0 -0.1223335764 -0.05582350924 -0.1223335764 0 0.9182856614 -4.510281038e-17 0 4.510281038e-17 0.9182856614 0 0 0 0.6519291826
# exciton 3
0 0 1.180930374 0 0 0.398930825 1.180930374 0.398930825 0 0 0 -0.398930825 0 0 1.180930374 -0.398930825 1.180930374 0 -0.3837311868 5.551115123e-17 0 -5.551115123e-17 -0.3837311868 0 0 0 1.287896423
# exciton 4
0 0 0.3080743014 0 0 0.3096186022 0.3080743014 0.3096186022 0 0 0 -0.3096186022 0 0 0.3080743014 -0.3096186022 0.3080743014 0 -0.2099390458 3.538835891e-16 0 -3.538835891e-16 -0.2099390458 0 0 0 -1.803723815
