# exciton 0
0 0 0.1155199414 0 0 -0.09699127915 0.1155199414 -0.09699127915 0 0 0 0.09699127915 0 0 0.1155199414 0.09699127915 0.1155199414 0 -0.4039270028 -1.127570259e-17 0 4.33680869e-18 -0.4039270028 0 0 0 -0.3915173064
# exciton 1
0 0 0.2835867488 0 0 0.3626352347 0.2835867488 0.3626352347 0 0 0 -0.3626352347 0 0 0.2835867488 -0.3626352347 0.2835867488 0 -0.4156376041 1.387778781e-17 0 -1.387778781e-17 -0.4156376041 0 0 0 -0.7045968231
# exciton 2
0 0 -0.3595690833 0 0 -0.5273317144 -0.3595690833 -0.5273317144 0 0 0 0.5273317144 0 0 -0.3595690833 0.5273317144 -0.3595690833 0 0.7344219979 5.551115123e-17 0 -4.163336342e-17 0.7344219979 0 0 0 0.3171981743
# exciton 3
0 0 -0.03501394668 0 0 0.7832372101 -0.03501394668 0.7832372101 0 0 0 -0.7832372101 0 0 -0.03501394668 -0.7832372101 -0.03501394668 0 -0.5308724155 0 0 0 -0.5308724155 0 0 0 0.1044120395
# exciton 4
0 0 -0.5185874458 0 0 -0.3292314505 -0.5185874458 -0.3292314505 0 0 0 0.3292314505 0 0 -0.5185874458 0.3292314505 -0.5185874458 0 0.7748789156 -7.632783294e-17 0 7.632783294e-17 0.7748789156 0 0 0 -0.787643592
