# exciton 0
0 0 0.2005196707 0 0 -0.1202202718 0.2005196707 -0.1202202718 0 0 0 0.1202202718 0 0 0.2005196707 0.1202202718 0.2005196707 0 -0.7460913589 6.505213035e-18 0 -6.505213035e-18 -0.7460913589 0 0 0 -0.924439847
# exciton 1
0 0 0.07088983349 0 0 -0.1416541904 0.07088983349 -0.1416541904 0 0 0 0.1416541904 0 0 0.07088983349 0.1416541904 0.07088983349 0 1.666970261 -6.938893904e-17 0 6.938893904e-17 1.666970261 0 0 0 0.8325139557
# exciton 2
0 0 -0.2978971123 0 0 -0.3096718809 -0.2978971123 -0.3096718809 0 0 0 0.3096718809 0 0 -0.2978971123 0.3096718809 -0.2978971123 0 0.159648205 -2.775557562e-17 0 2.775557562e-17 0.159648205 0 0 0 0.7082749391
# exciton 3
0 0 0.04082916344 0 0 -0.7259420732 0.04082916344 -0.7259420732 0 0 0 0.7259420732 0 0 0.04082916344 0.7259420732 0.04082916344 0 0.1988160037 4.163336342e-17 0 -4.163336342e-17 0.1988160037 0 0 0 0.7038915098
# exciton 4
0 0 0.704957723 0 0 1.396128217 0.704957723 1.396128217 0 0 0 -1.396128217 0 0 0.704957723 -1.396128217 0.704957723 0 -0.1578798052 6.938893904e-18 0 -6.938893904e-18 -0.1578798052 0 0 0 -0.1444319977
