# exciton 0
0 0 -0.08144838607 0 0 -0.0944331725 -0.08144838607 -0.0944331725 0 0 0 0.0944331725 0 0 -0.08144838607 0.0944331725 -0.08144838607 0 0.2107212934 -1.214306433e-17 0 8.67361738e-18 0.2107212934 0 0 0 0.2115090981
# exciton 1
0 0 -0.205478103 0 0 0.319234538 -0.205478103 0.319234538 0 0 0 -0.319234538 0 0 -0.205478103 -0.319234538 -0.205478103 0 0.5607628879 2.081668171e-17 0 -2.081668171e-17 0.5607628879 0 0 0 0.7802735105
# exciton 2
0 0 0.4099161919 0 0 -0.5618710953 0.4099161919 -0.5618710953 0 0 0 0.5618710953 0 0 0.4099161919 0.5618710953 0.4099161919 0 -0.625888485 4.510281038e-17 0 -3.122502257e-17 -0.625888485 0 0 0 -0.4805870316
# exciton 3
0 0 0.1391982239 0 0 0.7703829042 0.1391982239 0.7703829042 0 0 0 -0.7703829042 0 0 0.1391982239 -0.7703829042 0.1391982239 0 0.7859212199 6.938893904e-17 0 -6.938893904e-17 0.7859212199 0 0 0 -0.5821052329
# exciton 4
0 0 0.7410267279 0 0 -0.1162039405 0.7410267279 -0.1162039405 0 0 0 0.1162039405 0 0 0.7410267279 0.1162039405 0.7410267279 0 -0.5167803101 -4.163336342e-17 0 4.163336342e-17 -0.5167803101 0 0 0 0.5090832153
