# exciton 0
0 0 -0.07146041833 0 0 0.1372006786 -0.07146041833 0.1372006786 0 0 0 -0.1372006786 0 0 -0.07146041833 -0.1372006786 -0.07146041833 0 0.1851116757 -2.341876693e-17 0 2.341876693e-17 0.1851116757 0 0 0 0.1988466402
# exciton 1
0 0 0.3013408086 0 0 0.558145201 0.3013408086 0.558145201 0 0 0 -0.558145201 0 0 0.3013408086 -0.558145201 0.3013408086 0 0.06991719391 0 0 -2.775557562e-17 0.06991719391 0 0 0 0.01530715742
# exciton 2
0 0 0.2246401666 0 0 -0.1688873776 0.2246401666 -0.1688873776 0 0 0 0.1688873776 0 0 0.2246401666 0.1688873776 0.2246401666 0 -1.330516614 -6.938893904e-18 0 3.469446952e-17 -1.330516614 0 0 0 -0.400291796
# exciton 3
0 0 -1.090046179 0 0 0.8624698072 -1.090046179 0.8624698072 0 0 0 -0.8624698072 0 0 -1.090046179 -0.8624698072 -1.090046179 0 0.3189213189 -5.551115123e-17 0 -5.551115123e-17 0.3189213189 0 0 0 -0.2488097783
# exciton 4
0 0 0.9726786389 0 0 -0.8262484366 0.9726786389 -0.8262484366 0 0 0 0.8262484366 0 0 0.9726786389 0.8262484366 0.9726786389 0 0.3104250119 1.110223025e-16 0 -1.110223025e-16 0.3104250119 0 0 0 0.2397053498
