# exciton 0
0 0 -0.2170360684 0 0 0.1055740021 -0.2170360684 0.1055740021 0 0 0 -0.1055740021 0 0 -0.2170360684 -0.1055740021 -0.2170360684 0 0.6710752831 1.474514955e-17 0 -1.474514955e-17 0.6710752831 0 0 0 0.8774972403
# exciton 1
0 0 -0.69893199 0 0 -0.642298458 -0.69893199 -0.642298458 0 0 0 0.642298458 0 0 -0.69893199 0.642298458 -0.69893199 0 -0.06462906376 -4.163336342e-17 0 -1.387778781e-17 -0.06462906376 0 0 0 -0.02096875641
# exciton 2
0 0 -0.1520616767 0 0 0.268837023 -0.1520616767 0.268837023 0 0 0 -0.268837023 0 0 -0.1520616767 -0.268837023 -0.1520616767 0 0.6287482794 0 0 8.326672685e-17 0.6287482794 0 0 0 0.7901579209
# exciton 3
0 0 1.864519619 0 0 0.5441759402 1.864519619 0.5441759402 0 0 0 -0.5441759402 0 0 1.864519619 -0.5441759402 1.864519619 0 0.0580844643 1.387778781e-17 0 -2.775557562e-17 0.0580844643 0 0 0 0.09712843882
# exciton 4
0 0 0.1631751415 0 0 0.06075664039 0.1631751415 0.06075664039 0 0 0 -0.06075664039 0 0 0.1631751415 -0.06075664039 0.1631751415 0 -0.2278617462 3.191891196e-16 0 -3.191891196e-16 -0.2278617462 0 0 0 -2.023041099
