# exciton 0
0 0 -0.1593579581 0 0 0.1012748494 -0.1593579581 0.1012748494 0 0 0 -0.1012748494 0 0 -0.1593579581 -0.1012748494 -0.1593579581 0 1.22429171 -5.074066167e-17 0 5.074066167e-17 1.22429171 0 0 0 0.9448755462
# exciton 1
0 0 0.03725524534 0 0 0.9219108486 0.03725524534 0.9219108486 0 0 0 -0.9219108486 0 0 0.03725524534 -0.9219108486 0.03725524534 0 -0.685688826 -4.857225733e-17 0 4.857225733e-17 -0.685688826 0 0 0 -0.7050273645
# exciton 2
0 0 -0.01217816015 0 0 0.1053041351 -0.01217816015 0.1053041351 0 0 0 -0.1053041351 0 0 -0.01217816015 -0.1053041351 -0.01217816015 0 -1.719811445 -5.898059818e-17 0 5.898059818e-17 -1.719811445 0 0 0 0.3366119844
# exciton 3
0 0 -0.5539015377 0 0 -0.14878371 -0.5539015377 -0.14878371 0 0 0 0.14878371 0 0 -0.5539015377 0.14878371 -0.5539015377 0 -0.004909024076 0 0 0 -0.004909024076 0 0 0 0.06154941072
# exciton 4
0 0 0.5908681345 0 0 -1.265901262 0.5908681345 -1.265901262 0 0 0 1.265901262 0 0 0.5908681345 1.265901262 0.5908681345 0 -0.04387130534 -3.469446952e-17 0 3.469446952e-17 -0.04387130534 0 0 0 -0.1608825667
