# exciton 0
0 0 0.2039375618 0 0 0.1528559215 0.2039375618 0.1528559215 0 0 0 -0.1528559215 0 0 0.2039375618 -0.1528559215 0.2039375618 0 -0.6083923479 -4.163336342e-17 0 4.163336342e-17 -0.6083923479 0 0 0 -0.7788911668
# exciton 1
0 0 0.1050564073 0 0 0.5314888703 0.1050564073 0.5314888703 0 0 0 -0.5314888703 0 0 0.1050564073 -0.5314888703 0.1050564073 0 1.235348323 -2.775557562e-17 0 2.775557562e-17 1.235348323 0 0 0 -0.1482614625
# exciton 2
0 0 -0.07389513199 0 0 0.03610603412 -0.07389513199 0.03610603412 0 0 0 -0.03610603412 0 0 -0.07389513199 -0.03610603412 -0.07389513199 0 1.564004644 -1.110223025e-16 0 1.110223025e-16 1.564004644 0 0 0 0.1567529877
# exciton 3
0 0 0.9474121513 0 0 -0.03662753161 0.9474121513 -0.03662753161 0 0 0 0.03662753161 0 0 0.9474121513 0.03662753161 0.9474121513 0 -0.1682009775 2.081668171e-17 0 -2.081668171e-17 -0.1682009775 0 0 0 0.6322970117
# exciton 4
0 0 -0.0417943739 0 0 -0.4733606966 -0.0417943739 -0.4733606966 0 0 0 0.4733606966 0 0 -0.0417943739 0.4733606966 -0.0417943739 0 0.05221635786 1.474514955e-16 0 -1.474514955e-16 0.05221635786 0 0 0 -1.075647885
