# exciton 0
-1.079963622 -0.3968192691 -0.08356273765 -0.3968192691 -1.131341164 -0.2633134814 -0.08356273765 -0.2633134814 -1.325561924 1.041551679 0.3827052759 0.08059059389 0.3827052759 1.091101834 0.253947997 0.08059059389 0.253947997 1.278414587 -0.167932788 -0.0617048249 -0.01299388537 -0.0617048249 -0.1759219217 -0.04094486717 -0.01299388537 -0.04094486717 -0.2061229703
# exciton 1
0.7497570736 -0.730757944 0.1492576456 -0.730757944 0.3053556222 -0.38207057 0.1492576456 -0.38207057 0.7052813752 -1.325501606 1.29191289 -0.263873801 1.29191289 -0.5398406787 0.6754656567 -0.263873801 0.6754656567 -1.246872658 -1.05612786 1.029365178 -0.2102483101 1.029365178 -0.4301320935 0.5381948201 -0.2102483101 0.5381948201 -0.9934782017
# exciton 2
-0.7100655604 0.1568867016 0.323592638 0.1568867016 -0.08696388367 -0.4081246039 0.323592638 -0.4081246039 -0.4394866963 -1.748878083 0.3864089872 0.7970025644 0.3864089872 -0.2141904054 -1.005203202 0.7970025644 -1.005203202 -1.082447444 0.4049076238 -0.08946303708 -0.1845253924 -0.08946303708 0.04959026526 0.2327288814 -0.1845253924 0.2327288814 0.2506127938
# exciton 3
-0.1772325076 0.1214647607 0.281202531 0.1214647607 0.2014452801 0.08860747997 0.281202531 0.08860747997 0.08586484418 0.5714936965 -0.3916682443 -0.9067494226 -0.3916682443 -0.6495688028 -0.2857185567 -0.9067494226 -0.2857185567 -0.2768748119 1.813692734 -1.242998572 -2.877660505 -1.242998572 -2.061471938 -0.9067565808 -2.877660505 -0.9067565808 -0.8786900671
# exciton 4
2.105585378 -0.1534165657 -0.3523196565 -0.1534165657 2.845513573 1.026974902 -0.3523196565 1.026974902 -2.549042824 0.1396111302 -0.01017230664 -0.02336060363 -0.01017230664 0.1886721717 0.06809371315 -0.02336060363 0.06809371315 -0.1690146375 1.020789225 -0.0743764555 -0.1708048094 -0.0743764555 1.379506918 0.4978781319 -0.1708048094 0.4978781319 -1.235777697
