# exciton 0
0 0 -0.1384524135 0 0 0.04249998725 -0.1384524135 0.04249998725 0 0 0 -0.04249998725 0 0 -0.1384524135 -0.04249998725 -0.1384524135 0 1.492820942 3.469446952e-17 0 -3.469446952e-17 1.492820942 0 0 0 1.089817632
# exciton 1
0 0 -0.3283433984 0 0 -0.5973091727 -0.3283433984 -0.5973091727 0 0 0 0.5973091727 0 0 -0.3283433984 0.5973091727 -0.3283433984 0 -0.4999940751 -2.775557562e-17 0 2.775557562e-17 -0.4999940751 0 0 0 -1.274092033
# exciton 2
0 0 0.05795441476 0 0 0.5179094199 0.05795441476 0.5179094199 0 0 0 -0.5179094199 0 0 0.05795441476 -0.5179094199 0.05795441476 0 0.1369337087 -1.387778781e-17 0 1.387778781e-17 0.1369337087 0 0 0 0.4150149725
# exciton 3
0 0 1.412362669 0 0 -0.1398929053 1.412362669 -0.1398929053 0 0 0 0.1398929053 0 0 1.412362669 0.1398929053 1.412362669 0 -0.2451778363 -1.040834086e-17 0 1.040834086e-17 -0.2451778363 0 0 0 0.3203139757
# exciton 4
0 0 0.1596740563 0 0 0.002858573303 0.1596740563 0.002858573303 0 0 0 -0.002858573303 0 0 0.1596740563 -0.002858573303 0.1596740563 0 -0.1078836178 1.65666092e-16 0 -1.65666092e-16 -0.1078836178 0 0 0 -2.122139549
