# exciton 0
0 0 -0.1055095102 0 0 5.6103347e-06 -0.1055095102 5.6103347e-06 0 0 0 -5.6103347e-06 0 0 -0.1055095102 -5.6103347e-06 -0.1055095102 0 0.8118731066 2.602085214e-17 0 -2.602085214e-17 0.8118731066 0 0 0 0.7321320376
# exciton 1
0 0 -0.2673097051 0 0 -0.1108098907 -0.2673097051 -0.1108098907 0 0 0 0.1108098907 0 0 -0.2673097051 0.1108098907 -0.2673097051 0 -0.9828402639 2.775557562e-17 0 -2.775557562e-17 -0.9828402639 0 0 0 -0.9768045292
# exciton 2
0 0 -0.4631354959 0 0 -0.1342690969 -0.4631354959 -0.1342690969 0 0 0 0.1342690969 0 0 -0.4631354959 0.1342690969 -0.4631354959 0 0.1809708963 2.081668171e-17 0 -2.081668171e-17 0.1809708963 0 0 0 1.038520936
# exciton 3
0 0 -0.2322590529 0 0 0.2600081819 -0.2322590529 0.2600081819 0 0 0 -0.2600081819 0 0 -0.2322590529 -0.2600081819 -0.2322590529 0 -1.672714054 0 0 0 -1.672714054 0 0 0 2.537023271
# exciton 4
0 0 -1.105408663 0 0 0.4682896093 -1.105408663 0.4682896093 0 0 0 -0.4682896093 0 0 -1.105408663 -0.4682896093 -1.105408663 0 -0.4254930376 1.387778781e-16 0 -1.387778781e-16 -0.4254930376 0 0 0 -0.2405576448
