# exciton 0
0 0 0.04694006534 0 0 0.1684638472 0.04694006534 0.1684638472 0 0 0 -0.1684638472 0 0 0.04694006534 -0.1684638472 0.04694006534 0 -0.1493986252 3.851859889e-34 0 -3.851859889e-34 -0.1493986252 0 0 0 -0.2180075289
# exciton 1
0 0 0.4376583927 0 0 -0.1124342058 0.4376583927 -0.1124342058 0 0 0 0.1124342058 0 0 0.4376583927 0.1124342058 0.4376583927 0 -0.3544033069 -3.081487911e-33 0 3.081487911e-33 -0.3544033069 0 0 0 0.05685350592
# exciton 2
0 0 0.2119003163 0 0 0.08625903704 0.2119003163 0.08625903704 0 0 0 -0.08625903704 0 0 0.2119003163 -0.08625903704 0.2119003163 0 -1.102258376 -5.551115123e-17 0 5.551115123e-17 -1.102258376 0 0 0 -0.7003294727
# exciton 3
0 0 -1.716685276 0 0 0.6380617611 -1.716685276 0.6380617611 0 0 0 -0.6380617611 0 0 -1.716685276 -0.6380617611 -1.716685276 0 -0.007336942705 1.387778781e-17 0 -1.387778781e-17 -0.007336942705 0 0 0 -0.1291591775
# exciton 4
0 0 -0.005366323074 0 0 -0.1973676647 -0.005366323074 -0.1973676647 0 0 0 0.1973676647 0 0 -0.005366323074 0.1973676647 -0.005366323074 0 0.05734890048 3.469446952e-16 0 -3.469446952e-16 0.05734890048 0 0 0 1.827759872
