# exciton 0
0 0 0.004341619304 0 0 0.01263851069 0.004341619304 0.01263851069 0 0 0 -0.01263851069 0 0 0.004341619304 -0.01263851069 0.004341619304 0 0.1509638558 -1.734723476e-18 0 -8.67361738e-18 0.1509638558 0 0 0 0.1493377913
# exciton 1
0 0 -0.2020229047 0 0 0.3168599976 -0.2020229047 0.3168599976 0 0 0 -0.3168599976 0 0 -0.2020229047 -0.3168599976 -0.2020229047 0 -0.6849830902 5.551115123e-17 0 -5.551115123e-17 -0.6849830902 0 0 0 -0.5093361221
# exciton 2
0 0 -0.5032782778 0 0 -0.385910702 -0.5032782778 -0.385910702 0 0 0 0.385910702 0 0 -0.5032782778 0.385910702 -0.5032782778 0 0.6521928032 2.775557562e-17 0 -1.387778781e-17 0.6521928032 0 0 0 0.9029024009
# exciton 3
0 0 0.02833944733 0 0 0.8247669371 0.02833944733 0.8247669371 0 0 0 -0.8247669371 0 0 0.02833944733 -0.8247669371 0.02833944733 0 -1.228311852 2.775557562e-17 0 -2.775557562e-17 -1.228311852 0 0 0 1.646499932
# exciton 4
0 0 -1.287179653 0 0 -0.1749065624 -1.287179653 -0.1749065624 0 0 0 0.1749065624 0 0 -1.287179653 0.1749065624 -1.287179653 0 -0.3317596277 2.775557562e-17 0 -2.775557562e-17 -0.3317596277 0 0 0 0.1672506347
