# exciton 0
0 0 0.1912925987 0 0 -0.1215340074 0.1912925987 -0.1215340074 0 0 0 0.1215340074 0 0 0.1912925987 0.1215340074 0.1912925987 0 -0.8335436988 2.602085214e-18 0 -2.602085214e-18 -0.8335436988 0 0 0 -0.9471729463
# exciton 1
0 0 0.02855301398 0 0 -0.1328840127 0.02855301398 -0.1328840127 0 0 0 0.1328840127 0 0 0.02855301398 0.1328840127 0.02855301398 0 1.56468225 -6.938893904e-17 0 6.938893904e-17 1.56468225 0 0 0 1.068482816
# exciton 2
0 0 -0.2478531695 0 0 -0.2906301949 -0.2478531695 -0.2906301949 0 0 0 0.2906301949 0 0 -0.2478531695 0.2906301949 -0.2478531695 0 0.096452288 -5.551115123e-17 0 5.551115123e-17 0.096452288 0 0 0 0.5648892468
# exciton 3
0 0 0.2428079421 0 0 -0.7203964612 0.2428079421 -0.7203964612 0 0 0 0.7203964612 0 0 0.2428079421 0.7203964612 0.2428079421 0 0.6069468335 -5.551115123e-17 0 5.551115123e-17 0.6069468335 0 0 0 -0.117999765
# exciton 4
0 0 0.773830928 0 0 1.368781846 0.773830928 1.368781846 0 0 0 -1.368781846 0 0 0.773830928 -1.368781846 0.773830928 0 -0.07361648241 -6.938893904e-18 0 6.938893904e-18 -0.07361648241 0 0 0 -0.0614941126
