# exciton 0
0 0 0.2059330115 0 0 -0.08844720593 0.2059330115 -0.08844720593 0 0 0 0.08844720593 0 0 0.2059330115 0.08844720593 0.2059330115 0 -1.084879934 -4.33680869e-18 0 4.33680869e-18 -1.084879934 0 0 0 -1.094369994
# exciton 1
0 0 0.02296872438 0 0 -0.05503117912 0.02296872438 -0.05503117912 0 0 0 0.05503117912 0 0 0.02296872438 0.05503117912 0.02296872438 0 1.541501807 -4.163336342e-17 0 4.163336342e-17 1.541501807 0 0 0 1.249898199
# exciton 2
0 0 -0.4199191753 0 0 -0.1094050274 -0.4199191753 -0.1094050274 0 0 0 0.1094050274 0 0 -0.4199191753 0.1094050274 -0.4199191753 0 0.1438671489 -4.163336342e-17 0 4.163336342e-17 0.1438671489 0 0 0 0.805853882
# exciton 3
0 0 0.2202763849 0 0 -1.010606903 0.2202763849 -1.010606903 0 0 0 1.010606903 0 0 0.2202763849 1.010606903 0.2202763849 0 0.6213816125 -5.551115123e-17 0 5.551115123e-17 0.6213816125 0 0 0 -0.2410418351
# exciton 4
0 0 0.6578459866 0 0 1.204657396 0.6578459866 1.204657396 0 0 0 -1.204657396 0 0 0.6578459866 -1.204657396 0.6578459866 0 0.0105074424 -6.938893904e-18 0 6.938893904e-18 0.0105074424 0 0 0 0.04482690749
