# exciton 0
0 0 0.04090554546 0 0 0.1161609072 0.04090554546 0.1161609072 0 0 0 -0.1161609072 0 0 0.04090554546 -0.1161609072 0.04090554546 0 -0.2934487456 -8.67361738e-18 0 -5.204170428e-18 -0.2934487456 0 0 0 -0.3137278874
# exciton 1
0 0 0.4897552326 0 0 0.1667131988 0.4897552326 0.1667131988 0 0 0 -0.1667131988 0 0 0.4897552326 -0.1667131988 0.4897552326 0 0.525621477 -1.387778781e-17 0 -6.938893904e-17 0.525621477 0 0 0 0.1612930756
# exciton 2
0 0 0.4697016909 0 0 -0.1166127195 0.4697016909 -0.1166127195 0 0 0 0.1166127195 0 0 0.4697016909 0.1166127195 0.4697016909 0 -0.7848049444 -6.938893904e-18 0 3.469446952e-17 -0.7848049444 0 0 0 -1.029079641
# exciton 3
0 0 -0.9110587715 0 0 0.8542256296 -0.9110587715 0.8542256296 0 0 0 -0.8542256296 0 0 -0.9110587715 -0.8542256296 -0.9110587715 0 0.7173041267 2.775557562e-17 0 2.775557562e-17 0.7173041267 0 0 0 -0.9425132285
# exciton 4
0 0 1.002480238 0 0 -0.3341972083 1.002480238 -0.3341972083 0 0 0 0.3341972083 0 0 1.002480238 0.3341972083 1.002480238 0 0.4294485034 1.804112415e-16 0 -1.387778781e-16 0.4294485034 0 0 0 0.4293512203
