# exciton 0
0 0 -0.2592666886 0 0 -0.01100611651 -0.2592666886 -0.01100611651 0 0 0 0.01100611651 0 0 -0.2592666886 0.01100611651 -0.2592666886 0 0.8063056114 -2.862293735e-17 0 2.862293735e-17 0.8063056114 0 0 0 1.066471565
# exciton 1
0 0 -0.2761126092 0 0 0.1026999038 -0.2761126092 0.1026999038 0 0 0 -0.1026999038 0 0 -0.2761126092 -0.1026999038 -0.2761126092 0 -1.884346875 -1.249000903e-16 0 1.249000903e-16 -1.884346875 0 0 0 -0.1664325302
# exciton 2
0 0 0.4565530809 0 0 -0.07843029986 0.4565530809 -0.07843029986 0 0 0 0.07843029986 0 0 0.4565530809 0.07843029986 0.4565530809 0 -0.6541282188 -1.526556659e-16 0 1.526556659e-16 -0.6541282188 0 0 0 -0.9766823866
# exciton 3
0 0 0.1437189708 0 0 -0.8881418712 0.1437189708 -0.8881418712 0 0 0 0.8881418712 0 0 0.1437189708 0.8881418712 0.1437189708 0 0.5505182283 0 0 0 0.5505182283 0 0 0 -1.971666738
# exciton 4
0 0 -0.5068743047 0 0 0.8514629425 -0.5068743047 0.8514629425 0 0 0 -0.8514629425 0 0 -0.5068743047 -0.8514629425 -0.5068743047 0 0.002367891283 6.938893904e-17 0 -6.938893904e-17 0.002367891283 0 0 0 0.7154541499
