# exciton 0
0 0 -0.1174667243 0 0 0.1238448387 -0.1174667243 0.1238448387 0 0 0 -0.1238448387 0 0 -0.1174667243 -0.1238448387 -0.1174667243 0 0.5994160267 1.214306433e-17 0 8.67361738e-18 0.5994160267 0 0 0 0.6399002463
# exciton 1
0 0 -0.6091411875 0 0 -0.1680766734 -0.6091411875 -0.1680766734 0 0 0 0.1680766734 0 0 -0.6091411875 0.1680766734 -0.6091411875 0 -0.5905548541 1.387778781e-17 0 -6.938893904e-17 -0.5905548541 0 0 0 -0.2212311726
# exciton 2
0 0 -0.4671523339 0 0 0.07625895819 -0.4671523339 0.07625895819 0 0 0 -0.07625895819 0 0 -0.4671523339 -0.07625895819 -0.4671523339 0 0.566296544 4.857225733e-17 0 6.938893904e-18 0.566296544 0 0 0 1.179250151
# exciton 3
0 0 1.220161706 0 0 0.6930943716 1.220161706 0.6930943716 0 0 0 -0.6930943716 0 0 1.220161706 -0.6930943716 1.220161706 0 -0.565272632 -2.775557562e-17 0 2.775557562e-17 -0.565272632 0 0 0 0.7621478057
# exciton 4
0 0 -0.6276139321 0 0 -0.1095159819 -0.6276139321 -0.1095159819 0 0 0 0.1095159819 0 0 -0.6276139321 0.1095159819 -0.6276139321 0 -0.3192531959 2.081668171e-16 0 -2.220446049e-16 -0.3192531959 0 0 0 -1.135461742
