# exciton 0
0 0 0.005225640056 0 0 -0.05729741897 0.005225640056 -0.05729741897 0 0 0 0.05729741897 0 0 0.005225640056 0.05729741897 0.005225640056 0 -0.2003392765 6.938893904e-18 0 -6.938893904e-18 -0.2003392765 0 0 0 -0.2014835784
# exciton 1
0 0 0.03995135802 0 0 0.2125801401 0.03995135802 0.2125801401 0 0 0 -0.2125801401 0 0 0.03995135802 -0.2125801401 0.03995135802 0 0.8204646008 0 0 0 0.8204646008 0 0 0 0.8014815941
# exciton 2
0 0 0.5019677425 0 0 -0.4925073941 0.5019677425 -0.4925073941 0 0 0 0.4925073941 0 0 0.5019677425 0.4925073941 0.5019677425 0 -0.436490896 3.469446952e-17 0 -3.469446952e-17 -0.436490896 0 0 0 -0.8394484161
# exciton 3
0 0 0.3474891111 0 0 0.6627452912 0.3474891111 0.6627452912 0 0 0 -0.6627452912 0 0 0.3474891111 -0.6627452912 0.3474891111 0 1.380699787 -8.326672685e-17 0 8.326672685e-17 1.380699787 0 0 0 -1.794829017
# exciton 4
0 0 1.199016435 0 0 0.1936068439 1.199016435 0.1936068439 0 0 0 -0.1936068439 0 0 1.199016435 -0.1936068439 1.199016435 0 0.1167804854 -1.387778781e-17 0 1.387778781e-17 0.1167804854 0 0 0 -0.08622977407
