# exciton 0
0 0 0.0102759098 0 0 -0.001661627344 0.0102759098 -0.001661627344 0 0 0 0.001661627344 0 0 0.0102759098 0.001661627344 0.0102759098 0 -1.958697714 2.775557562e-17 0 -2.775557562e-17 -1.958697714 0 0 0 -0.9845939714
# exciton 1
0 0 -0.2862068226 0 0 -0.06329832839 -0.2862068226 -0.06329832839 0 0 0 0.06329832839 0 0 -0.2862068226 0.06329832839 -0.2862068226 0 0.4514445918 -5.551115123e-17 0 5.551115123e-17 0.4514445918 0 0 0 2.446144116
# exciton 2
0 0 -0.4990725896 0 0 0.5656036151 -0.4990725896 0.5656036151 0 0 0 -0.5656036151 0 0 -0.4990725896 -0.5656036151 -0.4990725896 0 0.2571497555 -2.775557562e-17 0 2.775557562e-17 0.2571497555 0 0 0 0.4960940778
# exciton 3
0 0 -0.6596868706 0 0 -0.9909302041 -0.6596868706 -0.9909302041 0 0 0 0.9909302041 0 0 -0.6596868706 0.9909302041 -0.6596868706 0 0.3555082418 -1.387778781e-17 0 1.387778781e-17 0.3555082418 0 0 0 -0.3985347275
# exciton 4
0 0 -0.3610263897 0 0 -0.2277468552 -0.3610263897 -0.2277468552 0 0 0 0.2277468552 0 0 -0.3610263897 0.2277468552 -0.3610263897 0 -0.05799532914 1.540743956e-33 0 -1.540743956e-33 -0.05799532914 0 0 0 1.853696483
