# exciton 0
0 0 -0.05007893374 0 0 0.173613665 -0.05007893374 0.173613665 0 0 0 -0.173613665 0 0 -0.05007893374 -0.173613665 -0.05007893374 0 0.09773670907 -1.387778781e-17 0 1.387778781e-17 0.09773670907 0 0 0 0.1441022459
# exciton 1
0 0 0.2260136457 0 0 0.1223967129 0.2260136457 0.1223967129 0 0 0 -0.1223967129 0 0 0.2260136457 -0.1223967129 0.2260136457 0 -0.7083347291 -2.775557562e-17 0 2.775557562e-17 -0.7083347291 0 0 0 0.1641339927
# exciton 2
0 0 0.1440593126 0 0 0.03695996909 0.1440593126 0.03695996909 0 0 0 -0.03695996909 0 0 0.1440593126 -0.03695996909 0.1440593126 0 -1.323714799 -5.551115123e-17 0 5.551115123e-17 -1.323714799 0 0 0 -0.4803882135
# exciton 3
0 0 -1.506891805 0 0 0.4932517528 -1.506891805 0.4932517528 0 0 0 -0.4932517528 0 0 -1.506891805 -0.4932517528 -1.506891805 0 0.04981969264 1.387778781e-17 0 -1.387778781e-17 0.04981969264 0 0 0 -0.3007902696
# exciton 4
0 0 -0.005620893614 0 0 -0.2974208977 -0.005620893614 -0.2974208977 0 0 0 0.2974208977 0 0 -0.005620893614 0.2974208977 -0.005620893614 0 0.00462926138 2.393918397e-16 0 -2.393918397e-16 0.00462926138 0 0 0 1.656760269
