# exciton 0
0 0 0.05561359996 0 0 -0.08541035667 0.05561359996 -0.08541035667 0 0 0 0.08541035667 0 0 0.05561359996 0.08541035667 0.05561359996 0 -0.4283675812 5.204170428e-18 0 -5.204170428e-18 -0.4283675812 0 0 0 -0.43540355
# exciton 1
0 0 0.02601599321 0 0 0.05173400524 0.02601599321 0.05173400524 0 0 0 -0.05173400524 0 0 0.02601599321 -0.05173400524 0.02601599321 0 1.008944201 0 0 0 1.008944201 0 0 0 1.009824871
# exciton 2
0 0 0.4508431824 0 0 -0.4689806402 0.4508431824 -0.4689806402 0 0 0 0.4689806402 0 0 0.4508431824 0.4689806402 0.4508431824 0 -0.2231897523 3.469446952e-17 0 -3.469446952e-17 -0.2231897523 0 0 0 -0.7825223295
# exciton 3
0 0 0.5667563667 0 0 0.3763507016 0.5667563667 0.3763507016 0 0 0 -0.3763507016 0 0 0.5667563667 -0.3763507016 0.5667563667 0 1.561252131 -5.551115123e-17 0 5.551115123e-17 1.561252131 0 0 0 -2.091914449
# exciton 4
0 0 1.182624848 0 0 0.6080816733 1.182624848 0.6080816733 0 0 0 -0.6080816733 0 0 1.182624848 -0.6080816733 1.182624848 0 0.1395546522 0 0 0 0.1395546522 0 0 0 -0.08658379838
