# exciton 0
0 0 -0.2481378305 0 0 0.01548301473 -0.2481378305 0.01548301473 0 0 0 -0.01548301473 0 0 -0.2481378305 -0.01548301473 -0.2481378305 0 0.6221510183 2.081668171e-17 0 -3.469446952e-17 0.6221510183 0 0 0 0.8986287295
# exciton 1
0 0 -0.6681964717 0 0 -0.7761401766 -0.6681964717 -0.7761401766 0 0 0 0.7761401766 0 0 -0.6681964717 0.7761401766 -0.6681964717 0 0.2908981912 -1.387778781e-17 0 1.387778781e-17 0.2908981912 0 0 0 0.1473003363
# exciton 2
0 0 0.05598861016 0 0 0.1435314068 0.05598861016 0.1435314068 0 0 0 -0.1435314068 0 0 0.05598861016 -0.1435314068 0.05598861016 0 0.5453381995 -2.081668171e-17 0 4.857225733e-17 0.5453381995 0 0 0 0.4651183601
# exciton 3
0 0 1.216813716 0 0 0.4371312332 1.216813716 0.4371312332 0 0 0 -0.4371312332 0 0 1.216813716 -0.4371312332 1.216813716 0 -0.3294964906 0 0 0 -0.3294964906 0 0 0 1.23778221
# exciton 4
0 0 0.02913726104 0 0 0.2995824611 0.02913726104 0.2995824611 0 0 0 -0.2995824611 0 0 0.02913726104 -0.2995824611 0.02913726104 0 -0.7808971751 2.359223927e-16 0 -1.804112415e-16 -0.7808971751 0 0 0 -1.022427661
