# exciton 0
0 0 0.1175954371 0 0 -0.02586441795 0.1175954371 -0.02586441795 0 0 0 0.02586441795 0 0 0.1175954371 0.02586441795 0.1175954371 0 -0.9667589122 1.734723476e-17 0 -1.734723476e-17 -0.9667589122 0 0 0 -0.8349464531
# exciton 1
0 0 0.168324793 0 0 -0.167644656 0.168324793 -0.167644656 0 0 0 0.167644656 0 0 0.168324793 0.167644656 0.168324793 0 1.042552541 0 0 0 1.042552541 0 0 0 1.250886366
# exciton 2
0 0 0.3327595899 0 0 -0.09757568853 0.3327595899 -0.09757568853 0 0 0 0.09757568853 0 0 0.3327595899 0.09757568853 0.3327595899 0 -0.09288027784 2.775557562e-17 0 -2.775557562e-17 -0.09288027784 0 0 0 -0.7951903815
# exciton 3
0 0 0.4133008757 0 0 -0.02141225479 0.4133008757 -0.02141225479 0 0 0 0.02141225479 0 0 0.4133008757 0.02141225479 0.4133008757 0 1.761233848 0 0 0 1.761233848 0 0 0 -2.668127709
# exciton 4
0 0 1.017679773 0 0 0.6751713999 1.017679773 0.6751713999 0 0 0 -0.6751713999 0 0 1.017679773 -0.6751713999 1.017679773 0 0.3598520751 2.775557562e-17 0 -2.775557562e-17 0.3598520751 0 0 0 0.3226983219
