# exciton 0
0 0 0.1965922055 0 0 -0.160077947 0.1965922055 -0.160077947 0 0 0 0.160077947 0 0 0.1965922055 0.160077947 0.1965922055 0 -0.6029498936 4.33680869e-18 0 -8.67361738e-19 -0.6029498936 0 0 0 -0.7047994283
# exciton 1
0 0 0.6368295969 0 0 -0.2573552316 0.6368295969 -0.2573552316 0 0 0 0.2573552316 0 0 0.6368295969 0.2573552316 0.6368295969 0 -0.3902693699 -1.387778781e-17 0 1.387778781e-17 -0.3902693699 0 0 0 -0.7718716756
# exciton 2
0 0 -0.3321120866 0 0 -0.3719345221 -0.3321120866 -0.3719345221 0 0 0 0.3719345221 0 0 -0.3321120866 0.3719345221 -0.3321120866 0 0.1746717689 1.387778781e-17 0 -1.387778781e-17 0.1746717689 0 0 0 0.07763211404
# exciton 3
0 0 0.04542022026 0 0 0.5177051687 0.04542022026 0.5177051687 0 0 0 -0.5177051687 0 0 0.04542022026 -0.5177051687 0.04542022026 0 0.4980361549 0 0 0 0.4980361549 0 0 0 -1.996449486
# exciton 4
0 0 0.5140364847 0 0 0.166105236 0.5140364847 0.166105236 0 0 0 -0.166105236 0 0 0.5140364847 -0.166105236 0.5140364847 0 1.866859396 -2.775557562e-17 0 2.775557562e-17 1.866859396 0 0 0 -1.839818188
