# exciton 0
0 0 0.2439917103 0 0 -0.03917803869 0.2439917103 -0.03917803869 0 0 0 0.03917803869 0 0 0.2439917103 0.03917803869 0.2439917103 0 -0.5773795223 1.734723476e-17 0 -1.734723476e-17 -0.5773795223 0 0 0 -0.8510514314
# exciton 1
0 0 0.6499934359 0 0 -0.7560018028 0.6499934359 -0.7560018028 0 0 0 0.7560018028 0 0 0.6499934359 0.7560018028 0.6499934359 0 -0.4300651262 1.387778781e-17 0 -1.387778781e-17 -0.4300651262 0 0 0 -0.2820100326
# exciton 2
0 0 -0.1315148292 0 0 0.01809007118 -0.1315148292 0.01809007118 0 0 0 -0.01809007118 0 0 -0.1315148292 -0.01809007118 -0.1315148292 0 -0.4504684663 -2.081668171e-17 0 2.081668171e-17 -0.4504684663 0 0 0 -0.3338614232
# exciton 3
0 0 -0.729144735 0 0 0.4010198307 -0.729144735 0.4010198307 0 0 0 -0.4010198307 0 0 -0.729144735 -0.4010198307 -0.729144735 0 0.6142583945 2.775557562e-17 0 -2.775557562e-17 0.6142583945 0 0 0 -1.966356125
# exciton 4
0 0 0.1716676413 0 0 0.4168672748 0.1716676413 0.4168672748 0 0 0 -0.4168672748 0 0 0.1716676413 -0.4168672748 0.1716676413 0 1.157324135 2.498001805e-16 0 -2.498001805e-16 1.157324135 0 0 0 0.2047298089
