# exciton 0
0 0 0.1190355539 0 0 0.07058611585 0.1190355539 0.07058611585 0 0 0 -0.07058611585 0 0 0.1190355539 -0.07058611585 0.1190355539 0 -1.475547073 -3.686287386e-17 0 4.033232082e-17 -1.475547073 0 0 0 -0.9707997162
# exciton 1
0 0 -0.09597545473 0 0 0.8555779502 -0.09597545473 0.8555779502 0 0 0 -0.8555779502 0 0 -0.09597545473 -0.8555779502 -0.09597545473 0 0.604186479 -4.857225733e-17 0 7.632783294e-17 0.604186479 0 0 0 1.110855853
# exciton 2
0 0 -0.07812545959 0 0 0.2023108038 -0.07812545959 0.2023108038 0 0 0 -0.2023108038 0 0 -0.07812545959 -0.2023108038 -0.07812545959 0 1.547093383 -4.423544864e-17 0 3.035766083e-17 1.547093383 0 0 0 -0.2364234229
# exciton 3
0 0 0.2522302692 0 0 -0.3771293008 0.2522302692 -0.3771293008 0 0 0 0.3771293008 0 0 0.2522302692 0.3771293008 0.2522302692 0 0.00112507548 6.591949209e-17 0 -6.591949209e-17 0.00112507548 0 0 0 -0.0410867782
# exciton 4
0 0 -0.5572325452 0 0 -1.26922627 -0.5572325452 -1.26922627 0 0 0 1.26922627 0 0 -0.5572325452 1.26922627 -0.5572325452 0 0.113792233 -8.326672685e-17 0 7.632783294e-17 0.113792233 0 0 0 0.4152721348
