# exciton 0
0 0 -0.1220184358 0 0 -0.08244743497 -0.1220184358 -0.08244743497 0 0 0 0.08244743497 0 0 -0.1220184358 0.08244743497 -0.1220184358 0 0.8378244143 6.938893904e-18 0 -6.938893904e-18 0.8378244143 0 0 0 0.7893026015
# exciton 1
0 0 -0.04622992009 0 0 -0.1146415529 -0.04622992009 -0.1146415529 0 0 0 0.1146415529 0 0 -0.04622992009 0.1146415529 -0.04622992009 0 -1.171533071 0 0 0 -1.171533071 0 0 0 -1.304050574
# exciton 2
0 0 -0.2419485554 0 0 -0.274578869 -0.2419485554 -0.274578869 0 0 0 0.274578869 0 0 -0.2419485554 0.274578869 -0.2419485554 0 0.05911543289 2.081668171e-17 0 -3.469446952e-17 0.05911543289 0 0 0 0.4992537221
# exciton 3
0 0 -0.6777578617 0 0 -0.1396580792 -0.6777578617 -0.1396580792 0 0 0 0.1396580792 0 0 -0.6777578617 0.1396580792 -0.6777578617 0 -1.726371311 0 0 0 -1.726371311 0 0 0 2.44529328
# exciton 4
0 0 -1.091477827 0 0 0.9495851502 -1.091477827 0.9495851502 0 0 0 -0.9495851502 0 0 -1.091477827 -0.9495851502 -1.091477827 0 -0.2485373343 -1.387778781e-17 0 -4.163336342e-17 -0.2485373343 0 0 0 -0.02673442272
