# exciton 0
0 0 0.1533683269 0 0 -0.05722521792 0.1533683269 -0.05722521792 0 0 0 0.05722521792 0 0 0.1533683269 0.05722521792 0.1533683269 0 -1.419576393 1.647987302e-17 0 -9.540979118e-18 -1.419576393 0 0 0 -1.117677533
# exciton 1
0 0 -0.1132238943 0 0 -0.03593839877 -0.1132238943 -0.03593839877 0 0 0 0.03593839877 0 0 -0.1132238943 0.03593839877 -0.1132238943 0 1.234152395 -8.326672685e-17 0 1.387778781e-16 1.234152395 0 0 0 1.81621036
# exciton 2
0 0 -0.4622122646 0 0 0.1181724159 -0.4622122646 0.1181724159 0 0 0 -0.1181724159 0 0 -0.4622122646 -0.1181724159 -0.4622122646 0 0.1194482136 -7.632783294e-17 0 2.081668171e-17 0.1194482136 0 0 0 0.7406540471
# exciton 3
0 0 0.2541151444 0 0 -1.1455563 0.2541151444 -1.1455563 0 0 0 1.1455563 0 0 0.2541151444 1.1455563 0.2541151444 0 0.9466548176 -1.110223025e-16 0 0 0.9466548176 0 0 0 -1.033319322
# exciton 4
0 0 0.4336491153 0 0 0.887096228 0.4336491153 0.887096228 0 0 0 -0.887096228 0 0 0.4336491153 -0.887096228 0.4336491153 0 0.01942279286 -5.551115123e-17 0 2.775557562e-17 0.01942279286 0 0 0 0.6103876812
