# exciton 0
0 0 -0.008332022753 0 0 -0.1760379154 -0.008332022753 -0.1760379154 0 0 0 0.1760379154 0 0 -0.008332022753 0.1760379154 -0.008332022753 0 -0.08518627828 1.95156391e-18 0 1.517883041e-18 -0.08518627828 0 0 0 -0.1080595444
# exciton 1
0 0 -0.2842603419 0 0 -0.1355386925 -0.2842603419 -0.1355386925 0 0 0 0.1355386925 0 0 -0.2842603419 0.1355386925 -0.2842603419 0 1.029535761 -5.204170428e-17 0 5.204170428e-17 1.029535761 0 0 0 1.003864952
# exciton 2
0 0 0.2623042957 0 0 -0.6125165823 0.2623042957 -0.6125165823 0 0 0 0.6125165823 0 0 0.2623042957 0.6125165823 0.2623042957 0 -0.08654981211 1.214306433e-17 0 -1.214306433e-17 -0.08654981211 0 0 0 -0.1706621748
# exciton 3
0 0 0.06578840053 0 0 0.2640668865 0.06578840053 0.2640668865 0 0 0 -0.2640668865 0 0 0.06578840053 -0.2640668865 0.06578840053 0 0.2587725955 1.387778781e-17 0 -1.387778781e-17 0.2587725955 0 0 0 0.6547465629
# exciton 4
0 0 0.3866280241 0 0 0.9252764792 0.3866280241 0.9252764792 0 0 0 -0.9252764792 0 0 0.3866280241 -0.9252764792 0.3866280241 0 -0.8864024571 -1.040834086e-17 0 1.040834086e-17 -0.8864024571 0 0 0 0.810583038
