# exciton 0
0 0 -0.03167651866 0 0 -0.07061798412 -0.03167651866 -0.07061798412 0 0 0 0.07061798412 0 0 -0.03167651866 0.07061798412 -0.03167651866 0 0.3218502915 0 0 0 0.3218502915 0 0 0 0.3254087735
# exciton 1
0 0 -0.03955508555 0 0 0.1273909064 -0.03955508555 0.1273909064 0 0 0 -0.1273909064 0 0 -0.03955508555 -0.1273909064 -0.03955508555 0 -0.9194405935 0 0 0 -0.9194405935 0 0 0 -0.905244688
# exciton 2
0 0 -0.4913358608 0 0 -0.4817761808 -0.4913358608 -0.4817761808 0 0 0 0.4817761808 0 0 -0.4913358608 0.4817761808 -0.4913358608 0 0.3197584543 3.469446952e-17 0 -3.469446952e-17 0.3197584543 0 0 0 0.8444163421
# exciton 3
0 0 -0.4690267896 0 0 0.5304914946 -0.4690267896 0.5304914946 0 0 0 -0.5304914946 0 0 -0.4690267896 -0.5304914946 -0.4690267896 0 -1.496895351 -8.326672685e-17 0 8.326672685e-17 -1.496895351 0 0 0 1.994855256
# exciton 4
0 0 -1.203989983 0 0 0.4051253394 -1.203989983 0.4051253394 0 0 0 -0.4051253394 0 0 -1.203989983 -0.4051253394 -1.203989983 0 -0.142876164 2.775557562e-17 0 -2.775557562e-17 -0.142876164 0 0 0 0.09764478039
