# exciton 0
0 0 0.06523838806 0 0 -0.01716939893 0.06523838806 -0.01716939893 0 0 0 0.01716939893 0 0 0.06523838806 0.01716939893 0.06523838806 0 -1.820702707 3.382710778e-17 0 -1.301042607e-17 -1.820702707 0 0 0 -1.027669719
# exciton 1
0 0 0.06805198793 0 0 -0.2731039428 0.06805198793 -0.2731039428 0 0 0 0.2731039428 0 0 0.06805198793 0.2731039428 0.06805198793 0 0.2030222764 4.163336342e-17 0 4.163336342e-17 0.2030222764 0 0 0 1.640702369
# exciton 2
0 0 -0.415799237 0 0 0.5440742622 -0.415799237 0.5440742622 0 0 0 -0.5440742622 0 0 -0.415799237 -0.5440742622 -0.415799237 0 0.2388020681 -5.551115123e-17 0 -2.775557562e-17 0.2388020681 0 0 0 0.188208377
# exciton 3
0 0 -1.232570957 0 0 -0.3944002299 -1.232570957 -0.3944002299 0 0 0 0.3944002299 0 0 -1.232570957 0.3944002299 -1.232570957 0 -0.08067520654 0 0 -5.551115123e-17 -0.08067520654 0 0 0 0.03242805033
# exciton 4
0 0 -0.225941608 0 0 -0.6091611895 -0.225941608 -0.6091611895 0 0 0 0.6091611895 0 0 -0.225941608 0.6091611895 -0.225941608 0 0.515241252 -9.714451465e-17 0 -1.387778781e-17 0.515241252 0 0 0 1.247762175
