# exciton 0
0 0 0.0829853961 0 0 -0.1812699839 0.0829853961 -0.1812699839 0 0 0 0.1812699839 0 0 0.0829853961 0.1812699839 0.0829853961 0 -0.1445604411 1.301042607e-18 0 2.168404345e-18 -0.1445604411 0 0 0 -0.1935347058
# exciton 1
0 0 0.4310149315 0 0 -0.2436356587 0.4310149315 -0.2436356587 0 0 0 0.2436356587 0 0 0.4310149315 0.2436356587 0.4310149315 0 -0.8691700745 -4.857225733e-17 0 4.857225733e-17 -0.8691700745 0 0 0 -0.9212257124
# exciton 2
0 0 -0.2575277074 0 0 -0.5651260173 -0.2575277074 -0.5651260173 0 0 0 0.5651260173 0 0 -0.2575277074 0.5651260173 -0.2575277074 0 0.04702019943 -1.734723476e-18 0 -1.214306433e-17 0.04702019943 0 0 0 0.05721820539
# exciton 3
0 0 0.1779446055 0 0 0.3521664322 0.1779446055 0.3521664322 0 0 0 -0.3521664322 0 0 0.1779446055 -0.3521664322 0.1779446055 0 0.3284809883 -2.775557562e-17 0 2.775557562e-17 0.3284809883 0 0 0 -1.801247132
# exciton 4
0 0 0.05462899764 0 0 0.7904303836 0.05462899764 0.7904303836 0 0 0 -0.7904303836 0 0 0.05462899764 -0.7904303836 0.05462899764 0 1.378278 1.040834086e-17 0 -1.040834086e-17 1.378278 0 0 0 -1.320428079
