# exciton 0
0 0 0.01962786739 0 0 -0.1798438282 0.01962786739 -0.1798438282 0 0 0 0.1798438282 0 0 0.01962786739 0.1798438282 0.01962786739 0 0.04483037779 -3.035766083e-18 0 -4.33680869e-19 0.04483037779 0 0 0 0.05869354212
# exciton 1
0 0 0.3112889573 0 0 -0.1795021703 0.3112889573 -0.1795021703 0 0 0 0.1795021703 0 0 0.3112889573 0.1795021703 0.3112889573 0 -1.029063121 -2.081668171e-17 0 2.081668171e-17 -1.029063121 0 0 0 -0.969241595
# exciton 2
0 0 -0.2396775871 0 0 -0.6039821142 -0.2396775871 -0.6039821142 0 0 0 0.6039821142 0 0 -0.2396775871 0.6039821142 -0.2396775871 0 0.05532091565 7.372574773e-18 0 -4.33680869e-19 0.05532091565 0 0 0 0.1002282619
# exciton 3
0 0 0.03213943188 0 0 0.2525504489 0.03213943188 0.2525504489 0 0 0 -0.2525504489 0 0 0.03213943188 -0.2525504489 0.03213943188 0 -0.04892938881 2.255140519e-17 0 -2.255140519e-17 -0.04892938881 0 0 0 -1.075516151
# exciton 4
0 0 -0.2689937097 0 0 0.9480725392 -0.2689937097 0.9480725392 0 0 0 -0.9480725392 0 0 -0.2689937097 -0.9480725392 -0.2689937097 0 1.013709618 -6.071532166e-18 0 6.071532166e-18 1.013709618 0 0 0 -0.9257867514
