# exciton 0
0 0 0.04811654532 0 0 -0.1427058067 0.04811654532 -0.1427058067 0 0 0 0.1427058067 0 0 0.04811654532 0.1427058067 0.04811654532 0 -0.3257944816 5.204170428e-18 0 -5.204170428e-18 -0.3257944816 0 0 0 -0.3673472868
# exciton 1
0 0 -0.1254270642 0 0 -0.03224040279 -0.1254270642 -0.03224040279 0 0 0 0.03224040279 0 0 -0.1254270642 0.03224040279 -0.1254270642 0 1.088158489 -2.775557562e-17 0 2.775557562e-17 1.088158489 0 0 0 1.083714406
# exciton 2
0 0 0.3267318701 0 0 -0.5670005531 0.3267318701 -0.5670005531 0 0 0 0.5670005531 0 0 0.3267318701 0.5670005531 0.3267318701 0 -0.1357162729 2.081668171e-17 0 -2.081668171e-17 -0.1357162729 0 0 0 -0.4323056988
# exciton 3
0 0 0.4568442088 0 0 0.2280880441 0.4568442088 0.2280880441 0 0 0 -0.2280880441 0 0 0.4568442088 -0.2280880441 0.4568442088 0 1.079518588 -2.775557562e-17 0 2.775557562e-17 1.079518588 0 0 0 -1.023602798
# exciton 4
0 0 0.8826755024 0 0 0.8902926912 0.8826755024 0.8902926912 0 0 0 -0.8902926912 0 0 0.8826755024 -0.8902926912 0.8826755024 0 -0.2800459492 -2.775557562e-17 0 1.387778781e-17 -0.2800459492 0 0 0 0.2191775714
