# exciton 0
0 0 0.06186682874 0 0 -0.0299557606 0.06186682874 -0.0299557606 0 0 0 0.0299557606 0 0 0.06186682874 0.0299557606 0.06186682874 0 -0.1462899593 -9.540979118e-18 0 9.540979118e-18 -0.1462899593 0 0 0 -0.2621528534
# exciton 1
0 0 0.02098731148 0 0 -0.3734475064 0.02098731148 -0.3734475064 0 0 0 0.3734475064 0 0 0.02098731148 0.3734475064 0.02098731148 0 1.566725536 -4.163336342e-17 0 4.163336342e-17 1.566725536 0 0 0 -0.1490893566
# exciton 2
0 0 -0.1797024977 0 0 -0.2113641098 -0.1797024977 -0.2113641098 0 0 0 0.2113641098 0 0 -0.1797024977 0.2113641098 -0.1797024977 0 0.6630520002 -6.938893904e-17 0 6.938893904e-17 0.6630520002 0 0 0 0.7147104976
# exciton 3
0 0 -0.1381961251 0 0 -0.1256945349 -0.1381961251 -0.1256945349 0 0 0 0.1256945349 0 0 -0.1381961251 0.1256945349 -0.1381961251 0 -1.09936262 0 0 0 -1.09936262 0 0 0 3.116122284
# exciton 4
0 0 0.3613375503 0 0 0.9840001297 0.3613375503 0.9840001297 0 0 0 -0.9840001297 0 0 0.3613375503 -0.9840001297 0.3613375503 0 -0.468874136 2.081668171e-16 0 -2.081668171e-16 -0.468874136 0 0 0 -0.8364916843
