# exciton 0
0 0 0.1660927804 0 0 -0.09942338581 0.1660927804 -0.09942338581 0 0 0 0.09942338581 0 0 0.1660927804 0.09942338581 0.1660927804 0 -1.006972614 -8.67361738e-18 0 8.67361738e-18 -1.006972614 0 0 0 -0.8236019057
# exciton 1
0 0 0.4311739231 0 0 0.2807707364 0.4311739231 0.2807707364 0 0 0 -0.2807707364 0 0 0.4311739231 -0.2807707364 0.4311739231 0 -0.06314540236 2.775557562e-17 0 -2.775557562e-17 -0.06314540236 0 0 0 -0.2334983133
# exciton 2
0 0 -0.2737522764 0 0 -0.2367698028 -0.2737522764 -0.2367698028 0 0 0 0.2367698028 0 0 -0.2737522764 0.2367698028 -0.2737522764 0 0.8245095492 0 0 0 0.8245095492 0 0 0 -0.02875728687
# exciton 3
0 0 -0.06926279217 0 0 0.5437864778 -0.06926279217 0.5437864778 0 0 0 -0.5437864778 0 0 -0.06926279217 -0.5437864778 -0.06926279217 0 0.03617349502 4.163336342e-17 0 -4.163336342e-17 0.03617349502 0 0 0 -0.8666807678
# exciton 4
0 0 0.1517761738 0 0 -0.7963961749 0.1517761738 -0.7963961749 0 0 0 0.7963961749 0 0 0.1517761738 0.7963961749 0.1517761738 0 1.454833482 -8.326672685e-17 0 8.326672685e-17 1.454833482 0 0 0 -1.369615729
