# exciton 0
0 0 -0.1915526567 0 0 -0.03122576849 -0.1915526567 -0.03122576849 0 0 0 0.03122576849 0 0 -0.1915526567 0.03122576849 -0.1915526567 0 0.3831926067 -3.469446952e-18 0 3.469446952e-18 0.3831926067 0 0 0 0.6270254519
# exciton 1
0 0 -0.5205274343 0 0 -0.7060982134 -0.5205274343 -0.7060982134 0 0 0 0.7060982134 0 0 -0.5205274343 0.7060982134 -0.5205274343 0 0.7015288865 -4.163336342e-17 0 4.163336342e-17 0.7015288865 0 0 0 0.2150646884
# exciton 2
0 0 0.05514252895 0 0 -0.0551598595 0.05514252895 -0.0551598595 0 0 0 0.0551598595 0 0 0.05514252895 0.0551598595 0.05514252895 0 0.5484438456 -1.387778781e-17 0 1.387778781e-17 0.5484438456 0 0 0 0.4366982316
# exciton 3
0 0 0.5142981286 0 0 0.3488099352 0.5142981286 0.3488099352 0 0 0 -0.3488099352 0 0 0.5142981286 -0.3488099352 0.5142981286 0 -0.7940954104 2.775557562e-17 0 -2.775557562e-17 -0.7940954104 0 0 0 2.375197991
# exciton 4
0 0 -0.04279941878 0 0 0.5948938459 -0.04279941878 0.5948938459 0 0 0 -0.5948938459 0 0 -0.04279941878 -0.5948938459 -0.04279941878 0 -0.9923616575 2.91433544e-16 0 -2.91433544e-16 -0.9923616575 0 0 0 -0.4183756904
