# exciton 0
0 0 0.03172904589 0 0 0.01477527052 0.03172904589 0.01477527052 0 0 0 -0.01477527052 0 0 0.03172904589 -0.01477527052 0.03172904589 0 -1.842365663 -1.604619215e-17 0 2.298508606e-17 -1.842365663 0 0 0 -0.9410752024
# exciton 1
0 0 -0.2064147878 0 0 0.5058609971 -0.2064147878 0.5058609971 0 0 0 -0.5058609971 0 0 -0.2064147878 -0.5058609971 -0.2064147878 0 0.35004017 -6.245004514e-17 0 6.245004514e-17 0.35004017 0 0 0 1.811627224
# exciton 2
0 0 -0.3116315019 0 0 0.3968372392 -0.3116315019 0.3968372392 0 0 0 -0.3968372392 0 0 -0.3116315019 -0.3968372392 -0.3116315019 0 1.022149128 -1.42247325e-16 0 8.67361738e-17 1.022149128 0 0 0 0.09432506019
# exciton 3
0 0 -0.3662130175 0 0 -0.6337417166 -0.3662130175 -0.6337417166 0 0 0 0.6337417166 0 0 -0.3662130175 0.6337417166 -0.3662130175 0 -0.0116910587 -6.938893904e-17 0 -4.163336342e-17 -0.0116910587 0 0 0 -0.02131608155
# exciton 4
0 0 -0.4562156821 0 0 -1.114945896 -0.4562156821 -1.114945896 0 0 0 1.114945896 0 0 -0.4562156821 1.114945896 -0.4562156821 0 0.2671534563 -9.714451465e-17 0 1.110223025e-16 0.2671534563 0 0 0 0.8629665924
