# exciton 0
0 0 -0.08231606488 0 0 -0.01642126594 -0.08231606488 -0.01642126594 0 0 0 0.01642126594 0 0 -0.08231606488 0.01642126594 -0.08231606488 0 1.627744603 3.469446952e-17 0 -1.387778781e-17 1.627744603 0 0 0 1.037379038
# exciton 1
0 0 0.1163445521 0 0 -0.2474544074 0.1163445521 -0.2474544074 0 0 0 0.2474544074 0 0 0.1163445521 0.2474544074 0.1163445521 0 -0.8090285605 -2.775557562e-17 0 8.326672685e-17 -0.8090285605 0 0 0 -2.124930599
# exciton 2
0 0 0.2464136186 0 0 0.3445946432 0.2464136186 0.3445946432 0 0 0 -0.3445946432 0 0 0.2464136186 -0.3445946432 0.2464136186 0 -0.01961571051 -2.081668171e-17 0 -6.938893904e-18 -0.01961571051 0 0 0 -0.1442569786
# exciton 3
0 0 0.08714732593 0 0 -0.8253774418 0.08714732593 -0.8253774418 0 0 0 0.8253774418 0 0 0.08714732593 0.8253774418 0.08714732593 0 -1.147949332 -5.551115123e-17 0 5.551115123e-17 -1.147949332 0 0 0 1.654270664
# exciton 4
0 0 -0.1874964945 0 0 0.4990938221 -0.1874964945 0.4990938221 0 0 0 -0.4990938221 0 0 -0.1874964945 -0.4990938221 -0.1874964945 0 -0.01051872574 -2.775557562e-17 0 -2.775557562e-17 -0.01051872574 0 0 0 -1.460629695
