# exciton 0
0 0 -0.06084816861 0 0 0.1829316112 -0.06084816861 0.1829316112 0 0 0 -0.1829316112 0 0 -0.06084816861 -0.1829316112 -0.06084816861 0 0.1293702392 -1.517883041e-17 0 1.517883041e-17 0.1293702392 0 0 0 0.1711788902
# exciton 1
0 0 0.2872266663 0 0 0.3069339871 0.2872266663 0.3069339871 0 0 0 -0.3069339871 0 0 0.2872266663 -0.3069339871 0.2872266663 0 -0.4322778417 -7.285838599e-17 0 -1.040834086e-17 -0.4322778417 0 0 0 0.06165105787
# exciton 2
0 0 0.1520912871 0 0 -0.0004775978242 0.1520912871 -0.0004775978242 0 0 0 0.0004775978242 0 0 0.1520912871 0.0004775978242 0.1520912871 0 -1.392025619 -8.326672685e-17 0 1.110223025e-16 -1.392025619 0 0 0 -0.4186891781
# exciton 3
0 0 -1.55455393 0 0 0.6387637719 -1.55455393 0.6387637719 0 0 0 -0.6387637719 0 0 -1.55455393 -0.6387637719 -1.55455393 0 -0.0003712746784 3.469446952e-17 0 2.081668171e-17 -0.0003712746784 0 0 0 -0.001743064948
# exciton 4
0 0 0.3289410535 0 0 -0.5626835284 0.3289410535 -0.5626835284 0 0 0 0.5626835284 0 0 0.3289410535 0.5626835284 0.3289410535 0 0.1059543015 2.532696275e-16 0 -2.393918397e-16 0.1059543015 0 0 0 1.226583114
