# exciton 0
0 0 0.1978217819 0 0 -0.1355618208 0.1978217819 -0.1355618208 0 0 0 0.1355618208 0 0 0.1978217819 0.1355618208 0.1978217819 0 -0.4530880116 1.387778781e-17 0 -1.387778781e-17 -0.4530880116 0 0 0 -0.6485753932
# exciton 1
0 0 0.6072483459 0 0 -0.5534585429 0.6072483459 -0.5534585429 0 0 0 0.5534585429 0 0 0.6072483459 0.5534585429 0.6072483459 0 -0.6136086181 0 0 0 -0.6136086181 0 0 0 -0.6254044418
# exciton 2
0 0 -0.2272124752 0 0 -0.2845441837 -0.2272124752 -0.2845441837 0 0 0 0.2845441837 0 0 -0.2272124752 0.2845441837 -0.2272124752 0 -0.1817723317 -1.387778781e-17 0 1.387778781e-17 -0.1817723317 0 0 0 -0.127598017
# exciton 3
0 0 0.05260012421 0 0 0.3848714223 0.05260012421 0.3848714223 0 0 0 -0.3848714223 0 0 0.05260012421 -0.3848714223 0.05260012421 0 0.8751387078 2.775557562e-17 0 -2.775557562e-17 0.8751387078 0 0 0 -2.73480887
# exciton 4
0 0 0.4571673834 0 0 0.5781555615 0.4571673834 0.5781555615 0 0 0 -0.5781555615 0 0 0.4571673834 -0.5781555615 0.4571673834 0 1.699795758 9.714451465e-17 0 -9.714451465e-17 1.699795758 0 0 0 -1.235255203
