# exciton 0
0 0 -0.2366310196 0 0 -0.06634842914 -0.2366310196 -0.06634842914 0 0 0 0.06634842914 0 0 -0.2366310196 0.06634842914 -0.2366310196 0 1.17827041 1.908195824e-17 0 -1.908195824e-17 1.17827041 0 0 0 1.118961134
# exciton 1
0 0 -0.6398526001 0 0 -0.5822222237 -0.6398526001 -0.5822222237 0 0 0 0.5822222237 0 0 -0.6398526001 0.5822222237 -0.6398526001 0 -0.02860894578 2.775557562e-17 0 -2.775557562e-17 -0.02860894578 0 0 0 -0.09088363446
# exciton 2
0 0 0.3347952492 0 0 0.2074896196 0.3347952492 0.2074896196 0 0 0 -0.2074896196 0 0 0.3347952492 -0.2074896196 0.3347952492 0 0.03015867997 -6.938893904e-18 0 6.938893904e-18 0.03015867997 0 0 0 0.01416075639
# exciton 3
0 0 1.026255774 0 0 0.2684846965 1.026255774 0.2684846965 0 0 0 -0.2684846965 0 0 1.026255774 -0.2684846965 1.026255774 0 -0.165310641 2.775557562e-17 0 -2.775557562e-17 -0.165310641 0 0 0 0.9244422749
# exciton 4
0 0 -0.3558290195 0 0 -0.2378431109 -0.3558290195 -0.2378431109 0 0 0 0.2378431109 0 0 -0.3558290195 0.2378431109 -0.3558290195 0 -1.423578856 9.714451465e-17 0 -9.714451465e-17 -1.423578856 0 0 0 0.3076791839
