# exciton 0
0 0 -0.2098223293 0 0 0.1233928607 -0.2098223293 0.1233928607 0 0 0 -0.1233928607 0 0 -0.2098223293 -0.1233928607 -0.2098223293 0 0.545518047 -3.339342691e-17 0 2.645453301e-17 0.545518047 0 0 0 0.778818346
# exciton 1
0 0 -0.1941349245 0 0 0.3260403858 -0.1941349245 0.3260403858 0 0 0 -0.3260403858 0 0 -0.1941349245 -0.3260403858 -0.1941349245 0 -1.507904182 -9.714451465e-17 0 8.326672685e-17 -1.507904182 0 0 0 0.2980541771
# exciton 2
0 0 0.1643107296 0 0 0.01657018905 0.1643107296 0.01657018905 0 0 0 -0.01657018905 0 0 0.1643107296 -0.01657018905 0.1643107296 0 -1.350064087 -1.309716224e-16 0 1.587271981e-16 -1.350064087 0 0 0 -0.4122899965
# exciton 3
0 0 -0.6749039935 0 0 -0.2057154575 -0.6749039935 -0.2057154575 0 0 0 0.2057154575 0 0 -0.6749039935 0.2057154575 -0.6749039935 0 0.4026393613 2.775557562e-17 0 0 0.4026393613 0 0 0 -1.292287804
# exciton 4
0 0 -0.2345739927 0 0 -0.05078604191 -0.2345739927 -0.05078604191 0 0 0 0.05078604191 0 0 -0.2345739927 0.05078604191 -0.2345739927 0 -0.0940753061 1.78676518e-16 0 -1.717376241e-16 -0.0940753061 0 0 0 1.346827347
