# exciton 0
0 0 0.06188671781 0 0 -0.09666900806 0.06188671781 -0.09666900806 0 0 0 0.09666900806 0 0 0.06188671781 0.09666900806 0.06188671781 0 -0.1125752472 -1.387778781e-17 0 1.040834086e-17 -0.1125752472 0 0 0 -0.1149018284
# exciton 1
0 0 0.1737836893 0 0 0.2776666525 0.1737836893 0.2776666525 0 0 0 -0.2776666525 0 0 0.1737836893 -0.2776666525 0.1737836893 0 -0.6411222105 1.387778781e-17 0 -1.387778781e-17 -0.6411222105 0 0 0 -0.8249661291
# exciton 2
0 0 -0.4322271166 0 0 -0.5721280564 -0.4322271166 -0.5721280564 0 0 0 0.5721280564 0 0 -0.4322271166 0.5721280564 -0.4322271166 0 0.5510379927 4.857225733e-17 0 -3.469446952e-17 0.5510379927 0 0 0 0.5540272423
# exciton 3
0 0 -0.207783101 0 0 0.7368093873 -0.207783101 0.7368093873 0 0 0 -0.7368093873 0 0 -0.207783101 -0.7368093873 -0.207783101 0 -0.9067109695 5.551115123e-17 0 -5.551115123e-17 -0.9067109695 0 0 0 0.8040808826
# exciton 4
0 0 -0.8246772204 0 0 0.01818148598 -0.8246772204 0.01818148598 0 0 0 -0.01818148598 0 0 -0.8246772204 -0.01818148598 -0.8246772204 0 0.4151857073 -4.163336342e-17 0 2.775557562e-17 0.4151857073 0 0 0 -0.4004416753
