# exciton 0
0 0 0.2514665172 0 0 0.05898841068 0.2514665172 0.05898841068 0 0 0 -0.05898841068 0 0 0.2514665172 -0.05898841068 0.2514665172 0 -0.7060002885 -3.230922474e-17 0 3.230922474e-17 -0.7060002885 0 0 0 -0.9794234987
# exciton 1
0 0 0.2983942205 0 0 0.2384777765 0.2983942205 0.2384777765 0 0 0 -0.2384777765 0 0 0.2983942205 -0.2384777765 0.2983942205 0 1.800548969 -1.387778781e-16 0 1.387778781e-16 1.800548969 0 0 0 -0.1601361421
# exciton 2
0 0 -0.3251917303 0 0 -0.01381967698 -0.3251917303 -0.01381967698 0 0 0 0.01381967698 0 0 -0.3251917303 0.01381967698 -0.3251917303 0 1.030301729 -1.413799633e-16 0 1.413799633e-16 1.030301729 0 0 0 0.7183750674
# exciton 3
0 0 0.14168863 0 0 -0.6278273641 0.14168863 -0.6278273641 0 0 0 0.6278273641 0 0 0.14168863 0.6278273641 0.14168863 0 -0.6065734456 -2.081668171e-17 0 2.081668171e-17 -0.6065734456 0 0 0 1.908936596
# exciton 4
0 0 0.3947504116 0 0 0.3966851943 0.3947504116 0.3966851943 0 0 0 -0.3966851943 0 0 0.3947504116 -0.3966851943 0.3947504116 0 0.06970657054 1.249000903e-16 0 -1.249000903e-16 0.06970657054 0 0 0 -1.077049467
