# exciton 0
0 0 0.2310632909 0 0 0.1294520504 0.2310632909 0.1294520504 0 0 0 -0.1294520504 0 0 0.2310632909 -0.1294520504 0.2310632909 0 -0.8814356227 -4.510281038e-17 0 4.510281038e-17 -0.8814356227 0 0 0 -0.9822046057
# exciton 1
0 0 0.147691082 0 0 0.6564075572 0.147691082 0.6564075572 0 0 0 -0.6564075572 0 0 0.147691082 -0.6564075572 0.147691082 0 1.325686218 -8.326672685e-17 0 8.326672685e-17 1.325686218 0 0 0 0.1078717464
# exciton 2
0 0 -0.1099596247 0 0 0.08465416426 -0.1099596247 0.08465416426 0 0 0 -0.08465416426 0 0 -0.1099596247 -0.08465416426 -0.1099596247 0 1.539281215 -8.326672685e-17 0 8.326672685e-17 1.539281215 0 0 0 0.1354040466
# exciton 3
0 0 0.658199578 0 0 -0.3577855459 0.658199578 -0.3577855459 0 0 0 0.3577855459 0 0 0.658199578 0.3577855459 0.658199578 0 -0.1823545688 2.081668171e-17 0 -2.081668171e-17 -0.1823545688 0 0 0 0.6951517913
# exciton 4
0 0 -0.09859200952 0 0 -0.5280263262 -0.09859200952 -0.5280263262 0 0 0 0.5280263262 0 0 -0.09859200952 0.5280263262 -0.09859200952 0 0.04404662615 8.67361738e-17 0 -8.67361738e-17 0.04404662615 0 0 0 -0.6620549369
