# exciton 0
0 0 0.06865590629 0 0 -0.1708294403 0.06865590629 -0.1708294403 0 0 0 0.1708294403 0 0 0.06865590629 0.1708294403 0.06865590629 0 -0.298214616 -4.33680869e-19 0 4.33680869e-19 -0.298214616 0 0 0 -0.3967917658
# exciton 1
0 0 -0.1538495262 0 0 -0.2080650702 -0.1538495262 -0.2080650702 0 0 0 0.2080650702 0 0 -0.1538495262 0.2080650702 -0.1538495262 0 1.310231384 -2.081668171e-17 0 2.081668171e-17 1.310231384 0 0 0 0.9159024675
# exciton 2
0 0 0.09351019352 0 0 -0.5566956626 0.09351019352 -0.5566956626 0 0 0 0.5566956626 0 0 0.09351019352 0.5566956626 0.09351019352 0 0.03470963106 -1.387778781e-17 0 0 0.03470963106 0 0 0 0.1021584747
# exciton 3
0 0 0.03057343731 0 0 -0.05703065737 0.03057343731 -0.05703065737 0 0 0 0.05703065737 0 0 0.03057343731 0.05703065737 0.03057343731 0 0.1793552959 6.938893904e-18 0 -6.938893904e-18 0.1793552959 0 0 0 0.8267796092
# exciton 4
0 0 0.5217398192 0 0 1.249153657 0.5217398192 1.249153657 0 0 0 -1.249153657 0 0 0.5217398192 -1.249153657 0.5217398192 0 -0.6515686237 6.938893904e-18 0 -6.938893904e-18 -0.6515686237 0 0 0 0.4386470841
