# exciton 0
0 0 0.03492926886 0 0 0.1434555569 0.03492926886 0.1434555569 0 0 0 -0.1434555569 0 0 0.03492926886 -0.1434555569 0.03492926886 0 -0.06599230545 -1.95156391e-17 0 1.25767452e-17 -0.06599230545 0 0 0 -0.1069295139
# exciton 1
0 0 -0.1612495829 0 0 -0.07308605493 -0.1612495829 -0.07308605493 0 0 0 0.07308605493 0 0 -0.1612495829 0.07308605493 -0.1612495829 0 0.959552956 -6.591949209e-17 0 -1.734723476e-17 0.959552956 0 0 0 -0.2549972631
# exciton 2
0 0 -0.1468534536 0 0 0.03582954656 -0.1468534536 0.03582954656 0 0 0 -0.03582954656 0 0 -0.1468534536 -0.03582954656 -0.1468534536 0 1.19998029 -1.05818132e-16 0 1.335737077e-16 1.19998029 0 0 0 0.5578974659
# exciton 3
0 0 1.266604913 0 0 0.3480066964 1.266604913 0.3480066964 0 0 0 -0.3480066964 0 0 1.266604913 -0.3480066964 1.266604913 0 -0.2453355351 2.081668171e-17 0 -2.081668171e-17 -0.2453355351 0 0 0 0.8843753566
# exciton 4
0 0 0.254443772 0 0 0.01744989866 0.254443772 0.01744989866 0 0 0 -0.01744989866 0 0 0.254443772 -0.01744989866 0.254443772 0 0.01126815581 2.706168623e-16 0 -2.567390744e-16 0.01126815581 0 0 0 -1.86546104
