# exciton 0
0 0 0.001326335292 0 0 -0.1154979769 0.001326335292 -0.1154979769 0 0 0 0.1154979769 0 0 0.001326335292 0.1154979769 0.001326335292 0 0.1538560824 2.602085214e-18 0 -2.602085214e-18 0.1538560824 0 0 0 0.1641924335
# exciton 1
0 0 0.1223321278 0 0 0.1173992898 0.1223321278 0.1173992898 0 0 0 -0.1173992898 0 0 0.1223321278 -0.1173992898 0.1223321278 0 -0.8808430381 -1.387778781e-17 0 1.387778781e-17 -0.8808430381 0 0 0 -0.9766105972
# exciton 2
0 0 -0.4389974882 0 0 -0.5783361633 -0.4389974882 -0.5783361633 0 0 0 0.5783361633 0 0 -0.4389974882 0.5783361633 -0.4389974882 0 0.3131068621 4.163336342e-17 0 -3.469446952e-17 0.3131068621 0 0 0 0.6337387722
# exciton 3
0 0 -0.4098958591 0 0 0.5269591048 -0.4098958591 0.5269591048 0 0 0 -0.5269591048 0 0 -0.4098958591 -0.5269591048 -0.4098958591 0 -1.155241572 0 0 0 -1.155241572 0 0 0 1.235952383
# exciton 4
0 0 -0.9450835184 0 0 0.4711649124 -0.9450835184 0.4711649124 0 0 0 -0.4711649124 0 0 -0.9450835184 -0.4711649124 -0.9450835184 0 0.246923451 -1.387778781e-17 0 1.387778781e-17 0.246923451 0 0 0 -0.2180870306
