# exciton 0
0 0 0.2679734779 0 0 -0.04890395762 0.2679734779 -0.04890395762 0 0 0 0.04890395762 0 0 0.2679734779 0.04890395762 0.2679734779 0 -0.7800885274 2.255140519e-17 0 -2.255140519e-17 -0.7800885274 0 0 0 -1.007829186
# exciton 1
0 0 0.7145980293 0 0 -0.7548742204 0.7145980293 -0.7548742204 0 0 0 0.7548742204 0 0 0.7145980293 0.7548742204 0.7145980293 0 -0.2132133898 0 0 0 -0.2132133898 0 0 0 -0.2534591856
# exciton 2
0 0 -0.2070255406 0 0 0.09112301062 -0.2070255406 0.09112301062 0 0 0 -0.09112301062 0 0 -0.2070255406 -0.09112301062 -0.2070255406 0 -0.3308457134 -1.387778781e-17 0 1.387778781e-17 -0.3308457134 0 0 0 -0.22302928
# exciton 3
0 0 -0.8964515063 0 0 0.3977941528 -0.8964515063 0.3977941528 0 0 0 -0.3977941528 0 0 -0.8964515063 -0.3977941528 -0.8964515063 0 0.4387670301 2.775557562e-17 0 -2.775557562e-17 0.4387670301 0 0 0 -1.565787506
# exciton 4
0 0 0.2736423709 0 0 0.2158750749 0.2736423709 0.2158750749 0 0 0 -0.2158750749 0 0 0.2736423709 -0.2158750749 0.2736423709 0 1.291659845 1.804112415e-16 0 -1.804112415e-16 1.291659845 0 0 0 -0.001468618275
