# exciton 0
0 0 0.1983150199 0 0 -0.1155939266 0.1983150199 -0.1155939266 0 0 0 0.1155939266 0 0 0.1983150199 0.1155939266 0.1983150199 0 -0.6353237526 -1.149254303e-17 0 1.149254303e-17 -0.6353237526 0 0 0 -0.8621082161
# exciton 1
0 0 0.1067346241 0 0 -0.1667115007 0.1067346241 -0.1667115007 0 0 0 0.1667115007 0 0 0.1067346241 0.1667115007 0.1067346241 0 1.741165222 -5.551115123e-17 0 5.551115123e-17 1.741165222 0 0 0 0.5838536522
# exciton 2
0 0 -0.3104003403 0 0 -0.3280440168 -0.3104003403 -0.3280440168 0 0 0 0.3280440168 0 0 -0.3104003403 0.3280440168 -0.3104003403 0 0.233260596 -8.500145032e-17 0 8.500145032e-17 0.233260596 0 0 0 0.7831933815
# exciton 3
0 0 -0.1472432086 0 0 -0.6719529854 -0.1472432086 -0.6719529854 0 0 0 0.6719529854 0 0 -0.1472432086 0.6719529854 -0.1472432086 0 -0.1973776883 3.469446952e-17 0 -3.469446952e-17 -0.1973776883 0 0 0 1.49465883
# exciton 4
0 0 0.6337988378 0 0 1.395718545 0.6337988378 1.395718545 0 0 0 -1.395718545 0 0 0.6337988378 -1.395718545 0.6337988378 0 -0.2494542238 3.122502257e-17 0 -3.122502257e-17 -0.2494542238 0 0 0 -0.2258701852
