# exciton 0
0 0 0.06761616367 0 0 0.1702855138 0.06761616367 0.1702855138 0 0 0 -0.1702855138 0 0 0.06761616367 -0.1702855138 0.06761616367 0 -0.1592253191 -2.168404345e-17 0 2.168404345e-17 -0.1592253191 0 0 0 -0.1887495525
# exciton 1
0 0 -0.3188517998 0 0 0.4582678488 -0.3188517998 0.4582678488 0 0 0 -0.4582678488 0 0 -0.3188517998 -0.4582678488 -0.3188517998 0 0.1639470611 -4.163336342e-17 0 -4.163336342e-17 0.1639470611 0 0 0 0.000983812754
# exciton 2
0 0 -0.1786417588 0 0 -0.07196763109 -0.1786417588 -0.07196763109 0 0 0 0.07196763109 0 0 -0.1786417588 0.07196763109 -0.1786417588 0 1.394900731 -5.898059818e-17 0 8.67361738e-17 1.394900731 0 0 0 0.3905479118
# exciton 3
0 0 1.402360017 0 0 0.7669918565 1.402360017 0.7669918565 0 0 0 -0.7669918565 0 0 1.402360017 -0.7669918565 1.402360017 0 -0.1020707435 -2.775557562e-17 0 2.775557562e-17 -0.1020707435 0 0 0 0.00788630714
# exciton 4
0 0 -0.6805306925 0 0 -0.7463434053 -0.6805306925 -0.7463434053 0 0 0 0.7463434053 0 0 -0.6805306925 0.7463434053 -0.6805306925 0 -0.2310823732 2.012279232e-16 0 -2.012279232e-16 -0.2310823732 0 0 0 -0.7050920524
