# exciton 0
0 0 0.1377228954 0 0 -0.1666482204 0.1377228954 -0.1666482204 0 0 0 0.1666482204 0 0 0.1377228954 0.1666482204 0.1377228954 0 -0.2867099852 1.734723476e-18 0 -1.734723476e-18 -0.2867099852 0 0 0 -0.4076763123
# exciton 1
0 0 0.5174565007 0 0 -0.4092884602 0.5174565007 -0.4092884602 0 0 0 0.4092884602 0 0 0.5174565007 0.4092884602 0.5174565007 0 -0.7823554107 -1.387778781e-17 0 1.387778781e-17 -0.7823554107 0 0 0 -0.7762754878
# exciton 2
0 0 -0.2275398197 0 0 -0.4485441924 -0.2275398197 -0.4485441924 0 0 0 0.4485441924 0 0 -0.2275398197 0.4485441924 -0.2275398197 0 -0.07701575113 -6.938893904e-18 0 2.081668171e-17 -0.07701575113 0 0 0 -0.07044886201
# exciton 3
0 0 0.2523915732 0 0 0.3530969957 0.2523915732 0.3530969957 0 0 0 -0.3530969957 0 0 0.2523915732 -0.3530969957 0.2523915732 0 0.7571679666 5.551115123e-17 0 -5.551115123e-17 0.7571679666 0 0 0 -2.600966021
# exciton 4
0 0 0.3278585608 0 0 0.7383788697 0.3278585608 0.7383788697 0 0 0 -0.7383788697 0 0 0.3278585608 -0.7383788697 0.3278585608 0 1.627913595 4.163336342e-17 0 -2.775557562e-17 1.627913595 0 0 0 -1.422816713
