# exciton 0
0 0 0.1085610957 0 0 -0.1675928794 0.1085610957 -0.1675928794 0 0 0 0.1675928794 0 0 0.1085610957 0.1675928794 0.1085610957 0 -0.2002044435 0 0 -3.469446952e-18 -0.2002044435 0 0 0 -0.2931587252
# exciton 1
0 0 0.4575396626 0 0 -0.4083416333 0.4575396626 -0.4083416333 0 0 0 0.4083416333 0 0 0.4575396626 0.4083416333 0.4575396626 0 -0.8991683494 0 0 0 -0.8991683494 0 0 0 -0.7548360423
# exciton 2
0 0 -0.1919520421 0 0 -0.471845232 -0.1919520421 -0.471845232 0 0 0 0.471845232 0 0 -0.1919520421 0.471845232 -0.1919520421 0 -0.1076244215 -6.938893904e-18 0 2.081668171e-17 -0.1076244215 0 0 0 -0.1156797736
# exciton 3
0 0 0.2963849479 0 0 0.2913909707 0.2963849479 0.2913909707 0 0 0 -0.2913909707 0 0 0.2963849479 -0.2913909707 0.2963849479 0 0.7667202031 0 0 0 0.7667202031 0 0 0 -2.641169072
# exciton 4
0 0 0.2319260432 0 0 0.8631128438 0.2319260432 0.8631128438 0 0 0 -0.8631128438 0 0 0.2319260432 -0.8631128438 0.2319260432 0 1.51468871 4.857225733e-17 0 -4.857225733e-17 1.51468871 0 0 0 -1.270728379
