# exciton 0
0 0 -0.1754814548 0 0 -0.1186292856 -0.1754814548 -0.1186292856 0 0 0 0.1186292856 0 0 -0.1754814548 0.1186292856 -0.1754814548 0 0.8904562863 1.214306433e-17 0 -8.67361738e-18 0.8904562863 0 0 0 0.9387513623
# exciton 1
0 0 0.003457168051 0 0 -0.1341685582 0.003457168051 -0.1341685582 0 0 0 0.1341685582 0 0 0.003457168051 0.1341685582 0.003457168051 0 -1.452941445 -1.110223025e-16 0 1.110223025e-16 -1.452941445 0 0 0 -1.253525871
# exciton 2
0 0 0.1602681606 0 0 -0.274930906 0.1602681606 -0.274930906 0 0 0 0.274930906 0 0 0.1602681606 0.274930906 0.1602681606 0 -0.04711393202 -3.469446952e-17 0 2.081668171e-17 -0.04711393202 0 0 0 -0.354351184
# exciton 3
0 0 -0.4302706723 0 0 -0.6527370294 -0.4302706723 -0.6527370294 0 0 0 0.6527370294 0 0 -0.4302706723 0.6527370294 -0.4302706723 0 -0.9923285201 0 0 0 -0.9923285201 0 0 0 0.9014713798
# exciton 4
0 0 -0.8457301663 0 0 1.311781295 -0.8457301663 1.311781295 0 0 0 -1.311781295 0 0 -0.8457301663 -1.311781295 -0.8457301663 0 -0.008179837131 0 0 0 -0.008179837131 0 0 0 -0.005614662439
