# exciton 0
0 0 0.09579385962 0 0 -0.1148965613 0.09579385962 -0.1148965613 0 0 0 0.1148965613 0 0 0.09579385962 0.1148965613 0.09579385962 0 -0.5813707306 1.561251128e-17 0 -1.561251128e-17 -0.5813707306 0 0 0 -0.6060746704
# exciton 1
0 0 -0.01793937497 0 0 -0.06109937033 -0.01793937497 -0.06109937033 0 0 0 0.06109937033 0 0 -0.01793937497 0.06109937033 -0.01793937497 0 1.169545541 0 0 0 1.169545541 0 0 0 1.167759914
# exciton 2
0 0 0.295917396 0 0 -0.4466364549 0.295917396 -0.4466364549 0 0 0 0.4466364549 0 0 0.295917396 0.4466364549 0.295917396 0 -0.0917278723 2.081668171e-17 0 -2.081668171e-17 -0.0917278723 0 0 0 -0.4873466676
# exciton 3
0 0 0.6390977402 0 0 0.04587726483 0.6390977402 0.04587726483 0 0 0 -0.04587726483 0 0 0.6390977402 -0.04587726483 0.6390977402 0 1.487632809 2.775557562e-17 0 -2.775557562e-17 1.487632809 0 0 0 -1.887295039
# exciton 4
0 0 1.079191953 0 0 0.9637889339 1.079191953 0.9637889339 0 0 0 -0.9637889339 0 0 1.079191953 -0.9637889339 1.079191953 0 0.06089069688 0 0 0 0.06089069688 0 0 0 -0.02892328831
