# exciton 0
0 0 0.09174591874 0 0 -0.09438356067 0.09174591874 -0.09438356067 0 0 0 0.09438356067 0 0 0.09174591874 0.09438356067 0.09174591874 0 -0.2334443468 -2.428612866e-17 0 2.428612866e-17 -0.2334443468 0 0 0 -0.3945996781
# exciton 1
0 0 0.02271216721 0 0 -0.3553700912 0.02271216721 -0.3553700912 0 0 0 0.3553700912 0 0 0.02271216721 0.3553700912 0.02271216721 0 1.634407746 -9.020562075e-17 0 9.020562075e-17 1.634407746 0 0 0 0.1236067015
# exciton 2
0 0 -0.1821026381 0 0 -0.339479999 -0.1821026381 -0.339479999 0 0 0 0.339479999 0 0 -0.1821026381 0.339479999 -0.1821026381 0 0.4355642603 -7.285838599e-17 0 7.285838599e-17 0.4355642603 0 0 0 0.7001298509
# exciton 3
0 0 -0.4007741633 0 0 -0.2563438184 -0.4007741633 -0.2563438184 0 0 0 0.2563438184 0 0 -0.4007741633 0.2563438184 -0.4007741633 0 -1.024701257 1.387778781e-17 0 -1.387778781e-17 -1.024701257 0 0 0 3.102525715
# exciton 4
0 0 0.3469450229 0 0 1.242658752 0.3469450229 1.242658752 0 0 0 -1.242658752 0 0 0.3469450229 -1.242658752 0.3469450229 0 -0.6208576569 1.179611964e-16 0 -1.179611964e-16 -0.6208576569 0 0 0 -0.2746426483
