# exciton 0
0 0 0.1697397148 0 0 -0.131186298 0.1697397148 -0.131186298 0 0 0 0.131186298 0 0 0.1697397148 0.131186298 0.1697397148 0 -0.7219811073 -3.035766083e-18 0 6.505213035e-18 -0.7219811073 0 0 0 -0.6880395839
# exciton 1
0 0 0.5022273409 0 0 0.1624152358 0.5022273409 0.1624152358 0 0 0 -0.1624152358 0 0 0.5022273409 -0.1624152358 0.5022273409 0 -0.2372050231 0 0 0 -0.2372050231 0 0 0 -0.6329042285
# exciton 2
0 0 -0.3272958277 0 0 -0.4026328987 -0.3272958277 -0.4026328987 0 0 0 0.4026328987 0 0 -0.3272958277 0.4026328987 -0.3272958277 0 0.6212426689 1.387778781e-17 0 -2.775557562e-17 0.6212426689 0 0 0 0.1107213865
# exciton 3
0 0 -0.0002504359102 0 0 0.6465141371 -0.0002504359102 0.6465141371 0 0 0 -0.6465141371 0 0 -0.0002504359102 -0.6465141371 -0.0002504359102 0 0.02963002464 8.326672685e-17 0 -8.326672685e-17 0.02963002464 0 0 0 -0.9938350264
# exciton 4
0 0 0.1631896438 0 0 -0.3909151321 0.1631896438 -0.3909151321 0 0 0 0.3909151321 0 0 0.1631896438 0.3909151321 0.1631896438 0 1.520695706 -7.632783294e-17 0 7.632783294e-17 1.520695706 0 0 0 -1.583501313
