# exciton 0
0 0 0.07341961691 0 0 -0.1639384453 0.07341961691 -0.1639384453 0 0 0 0.1639384453 0 0 0.07341961691 0.1639384453 0.07341961691 0 -0.3569433223 7.806255642e-18 0 -8.67361738e-19 -0.3569433223 0 0 0 -0.4405792981
# exciton 1
0 0 -0.1395366375 0 0 -0.1433151509 -0.1395366375 -0.1433151509 0 0 0 0.1433151509 0 0 -0.1395366375 0.1433151509 -0.1395366375 0 1.250221131 -2.081668171e-17 0 2.081668171e-17 1.250221131 0 0 0 1.032174025
# exciton 2
0 0 0.166773285 0 0 -0.5595717826 0.166773285 -0.5595717826 0 0 0 0.5595717826 0 0 0.166773285 0.5595717826 0.166773285 0 -0.02513634908 -6.938893904e-18 0 -6.938893904e-18 -0.02513634908 0 0 0 -0.08622493372
# exciton 3
0 0 0.2532711125 0 0 -0.00377294266 0.2532711125 -0.00377294266 0 0 0 0.00377294266 0 0 0.2532711125 0.00377294266 0.2532711125 0 0.6170546635 0 0 0 0.6170546635 0 0 0 -0.05837649567
# exciton 4
0 0 0.6932971924 0 0 1.168844577 0.6932971924 1.168844577 0 0 0 -1.168844577 0 0 0.6932971924 -1.168844577 0.6932971924 0 -0.466556213 -1.387778781e-17 0 1.387778781e-17 -0.466556213 0 0 0 0.3251774032
