# exciton 0
0 0 -0.127018761 0 0 -0.1376802293 -0.127018761 -0.1376802293 0 0 0 0.1376802293 0 0 -0.127018761 0.1376802293 -0.127018761 0 0.6347956124 8.67361738e-19 0 -8.67361738e-19 0.6347956124 0 0 0 0.7051088322
# exciton 1
0 0 0.04329010848 0 0 -0.1274378908 0.04329010848 -0.1274378908 0 0 0 0.1274378908 0 0 0.04329010848 0.1274378908 0.04329010848 0 -1.326220702 -5.551115123e-17 0 5.551115123e-17 -1.326220702 0 0 0 -1.169591482
# exciton 2
0 0 -0.1004814293 0 0 -0.4388687533 -0.1004814293 -0.4388687533 0 0 0 0.4388687533 0 0 -0.1004814293 0.4388687533 -0.1004814293 0 0.01335678914 -1.387778781e-17 0 1.387778781e-17 0.01335678914 0 0 0 0.07873339122
# exciton 3
0 0 -0.507806012 0 0 -0.2341874563 -0.507806012 -0.2341874563 0 0 0 0.2341874563 0 0 -0.507806012 0.2341874563 -0.507806012 0 -1.120739614 -5.551115123e-17 0 5.551115123e-17 -1.120739614 0 0 0 1.109687345
# exciton 4
0 0 -0.9275526245 0 0 1.224537883 -0.9275526245 1.224537883 0 0 0 -1.224537883 0 0 -0.9275526245 -1.224537883 -0.9275526245 0 0.08336400716 1.387778781e-17 0 -1.387778781e-17 0.08336400716 0 0 0 -0.02707836884
