# exciton 0
0 0 0.04307388094 0 0 -0.169764271 0.04307388094 -0.169764271 0 0 0 0.169764271 0 0 0.04307388094 0.169764271 0.04307388094 0 -0.03181234568 -6.505213035e-18 0 3.035766083e-18 -0.03181234568 0 0 0 -0.04767310418
# exciton 1
0 0 0.3315503408 0 0 -0.3720570517 0.3315503408 -0.3720570517 0 0 0 0.3720570517 0 0 0.3315503408 0.3720570517 0.3315503408 0 -1.112777639 0 0 0 -1.112777639 0 0 0 -0.7254235058
# exciton 2
0 0 -0.1244678908 0 0 -0.5127339989 -0.1244678908 -0.5127339989 0 0 0 0.5127339989 0 0 -0.1244678908 0.5127339989 -0.1244678908 0 -0.1299661368 -1.387778781e-17 0 1.387778781e-17 -0.1299661368 0 0 0 -0.1910132671
# exciton 3
0 0 0.3275246937 0 0 0.1543171007 0.3275246937 0.1543171007 0 0 0 -0.1543171007 0 0 0.3275246937 -0.1543171007 0.3275246937 0 0.6772726885 2.775557562e-17 0 -2.775557562e-17 0.6772726885 0 0 0 -2.49939136
# exciton 4
0 0 0.01295460391 0 0 1.068995182 0.01295460391 1.068995182 0 0 0 -1.068995182 0 0 0.01295460391 -1.068995182 0.01295460391 0 1.25972253 4.857225733e-17 0 -3.469446952e-17 1.25972253 0 0 0 -0.9672047975
