# exciton 0
0 0 0.1877253472 0 0 0.004201834962 0.1877253472 0.004201834962 0 0 0 -0.004201834962 0 0 0.1877253472 -0.004201834962 0.1877253472 0 -1.433110402 2.51534904e-17 0 -1.82145965e-17 -1.433110402 0 0 0 -1.151561875
# exciton 1
0 0 0.4791054866 0 0 -0.6696486151 0.4791054866 -0.6696486151 0 0 0 0.6696486151 0 0 0.4791054866 0.6696486151 0.4791054866 0 0.2452029486 1.387778781e-17 0 1.387778781e-17 0.2452029486 0 0 0 0.7984100704
# exciton 2
0 0 -0.2478019096 0 0 0.4863975963 -0.2478019096 0.4863975963 0 0 0 -0.4863975963 0 0 -0.2478019096 -0.4863975963 -0.2478019096 0 -0.1277321813 0 0 1.387778781e-17 -0.1277321813 0 0 0 -0.150711279
# exciton 3
0 0 -1.633781619 0 0 0.02929717391 -1.633781619 0.02929717391 0 0 0 -0.02929717391 0 0 -1.633781619 -0.02929717391 -1.633781619 0 -0.1178034909 -2.775557562e-17 0 2.775557562e-17 -0.1178034909 0 0 0 0.01011872807
# exciton 4
0 0 -0.1094818854 0 0 -0.2340068086 -0.1094818854 -0.2340068086 0 0 0 0.2340068086 0 0 -0.1094818854 0.2340068086 -0.1094818854 0 0.6010204009 1.387778781e-16 0 -1.387778781e-16 0.6010204009 0 0 0 1.393161717
