# exciton 0
0 0 0.2562614652 0 0 -0.0153939716 0.2562614652 -0.0153939716 0 0 0 0.0153939716 0 0 0.2562614652 0.0153939716 0.2562614652 0 -1.0962585 2.949029909e-17 0 -2.949029909e-17 -1.0962585 0 0 0 -1.145488261
# exciton 1
0 0 0.6806652518 0 0 -0.7574518791 0.6806652518 -0.7574518791 0 0 0 0.7574518791 0 0 0.6806652518 0.7574518791 0.6806652518 0 0.07216359238 0 0 0 0.07216359238 0 0 0 0.140349724
# exciton 2
0 0 -0.2226021019 0 0 0.3096498568 -0.2226021019 0.3096498568 0 0 0 -0.3096498568 0 0 -0.2226021019 -0.3096498568 -0.2226021019 0 -0.2539529375 -2.081668171e-17 0 2.081668171e-17 -0.2539529375 0 0 0 -0.2103931732
# exciton 3
0 0 -1.432511954 0 0 0.2894523246 -1.432511954 0.2894523246 0 0 0 -0.2894523246 0 0 -1.432511954 -0.2894523246 -1.432511954 0 0.04674205935 2.775557562e-17 0 -2.775557562e-17 0.04674205935 0 0 0 -0.5613887416
# exciton 4
0 0 0.100450307 0 0 -0.05740599447 0.100450307 -0.05740599447 0 0 0 0.05740599447 0 0 0.100450307 0.05740599447 0.100450307 0 0.9783218188 1.665334537e-16 0 -1.665334537e-16 0.9783218188 0 0 0 0.7058572133
