# exciton 0
0 0 -0.2126147673 0 0 0.04786261058 -0.2126147673 0.04786261058 0 0 0 -0.04786261058 0 0 -0.2126147673 -0.04786261058 -0.2126147673 0 1.321713916 -4.054916125e-17 0 4.40186082e-17 1.321713916 0 0 0 1.174121186
# exciton 1
0 0 -0.06281564854 0 0 0.5088890664 -0.06281564854 0.5088890664 0 0 0 -0.5088890664 0 0 -0.06281564854 -0.5088890664 -0.06281564854 0 -1.411416975 -9.020562075e-17 0 1.318389842e-16 -1.411416975 0 0 0 -0.9271833577
# exciton 2
0 0 0.4348986243 0 0 0.1982263095 0.4348986243 0.1982263095 0 0 0 -0.1982263095 0 0 0.4348986243 -0.1982263095 0.4348986243 0 -0.9660924808 -8.977193988e-17 0 1.314053033e-16 -0.9660924808 0 0 0 -0.6875995303
# exciton 3
0 0 -0.07241712324 0 0 -1.082947253 -0.07241712324 -1.082947253 0 0 0 1.082947253 0 0 -0.07241712324 1.082947253 -0.07241712324 0 0.1260249449 -1.214306433e-17 0 -4.33680869e-17 0.1260249449 0 0 0 -0.8107304755
# exciton 4
0 0 -0.003339685013 0 0 -0.05152046933 -0.003339685013 -0.05152046933 0 0 0 0.05152046933 0 0 -0.003339685013 0.05152046933 -0.003339685013 0 0.007621471146 -1.474514955e-17 0 8.67361738e-19 0.007621471146 0 0 0 -0.0693361003
