# exciton 0
0 0 0.1276897034 0 0 -0.0525350241 0.1276897034 -0.0525350241 0 0 0 0.0525350241 0 0 0.1276897034 0.0525350241 0.1276897034 0 -1.448931482 7.806255642e-18 0 -8.67361738e-19 -1.448931482 0 0 0 -1.072395545
# exciton 1
0 0 -0.1212664956 0 0 -0.1295378627 -0.1212664956 -0.1295378627 0 0 0 0.1295378627 0 0 -0.1212664956 0.1295378627 -0.1212664956 0 1.095304182 -1.387778781e-17 0 4.163336342e-17 1.095304182 0 0 0 1.949608628
# exciton 2
0 0 -0.3224076474 0 0 0.1452148463 -0.3224076474 0.1452148463 0 0 0 -0.1452148463 0 0 -0.3224076474 -0.1452148463 -0.3224076474 0 0.04847300105 -1.387778781e-17 0 -1.387778781e-17 0.04847300105 0 0 0 0.4255251721
# exciton 3
0 0 0.3141883022 0 0 -0.978491784 0.3141883022 -0.978491784 0 0 0 0.978491784 0 0 0.3141883022 0.978491784 0.3141883022 0 1.254188854 2.775557562e-17 0 -2.775557562e-17 1.254188854 0 0 0 -1.674525933
# exciton 4
0 0 0.4686378042 0 0 0.8480805792 0.4686378042 0.8480805792 0 0 0 -0.8480805792 0 0 0.4686378042 -0.8480805792 0.4686378042 0 0.0599398792 2.775557562e-17 0 -2.775557562e-17 0.0599398792 0 0 0 0.8027584067
