# exciton 0
0 0 -0.01838926035 0 0 0.003488190479 -0.01838926035 0.003488190479 0 0 0 -0.003488190479 0 0 -0.01838926035 -0.003488190479 -0.01838926035 0 1.946339147 -1.387778781e-17 0 1.387778781e-17 1.946339147 0 0 0 0.9938055673
# exciton 1
0 0 0.3377308731 0 0 0.1715325903 0.3377308731 0.1715325903 0 0 0 -0.1715325903 0 0 0.3377308731 -0.1715325903 0.3377308731 0 -0.5509618515 -5.551115123e-17 0 5.551115123e-17 -0.5509618515 0 0 0 -2.413730757
# exciton 2
0 0 0.540836473 0 0 0.5163045471 0.540836473 0.5163045471 0 0 0 -0.5163045471 0 0 0.540836473 -0.5163045471 0.540836473 0 -0.458773455 -2.775557562e-17 0 2.775557562e-17 -0.458773455 0 0 0 -0.6206363927
# exciton 3
0 0 0.441953629 0 0 -1.135740212 0.441953629 -1.135740212 0 0 0 1.135740212 0 0 0.441953629 1.135740212 0.441953629 0 -0.2874982739 -4.163336342e-17 0 4.163336342e-17 -0.2874982739 0 0 0 0.2323326072
# exciton 4
0 0 0.3821382223 0 0 -0.3278000882 0.3821382223 -0.3278000882 0 0 0 0.3278000882 0 0 0.3821382223 0.3278000882 0.3821382223 0 0.08549080514 -5.204170428e-17 0 5.204170428e-17 0.08549080514 0 0 0 -1.592986652
