# exciton 0
0 0 0.1377712921 0 0 0.006519682927 0.1377712921 0.006519682927 0 0 0 -0.006519682927 0 0 0.1377712921 -0.006519682927 0.1377712921 0 -0.7742945606 -2.428612866e-17 0 2.428612866e-17 -0.7742945606 0 0 0 -0.6372189691
# exciton 1
0 0 0.09313910365 0 0 0.7486037787 0.09313910365 0.7486037787 0 0 0 -0.7486037787 0 0 0.09313910365 -0.7486037787 0.09313910365 0 -0.03481815925 -1.387778781e-17 0 -4.163336342e-17 -0.03481815925 0 0 0 -0.05634534316
# exciton 2
0 0 -0.1279054922 0 0 -0.2909144954 -0.1279054922 -0.2909144954 0 0 0 0.2909144954 0 0 -0.1279054922 0.2909144954 -0.1279054922 0 1.367360869 1.734723476e-18 0 -1.734723476e-18 1.367360869 0 0 0 -0.1286777878
# exciton 3
0 0 0.3437964578 0 0 0.7112659639 0.3437964578 0.7112659639 0 0 0 -0.7112659639 0 0 0.3437964578 -0.7112659639 0.3437964578 0 -0.2896765359 0 0 0 -0.2896765359 0 0 0 -0.07116800985
# exciton 4
0 0 -0.71822506 0 0 -1.137973098 -0.71822506 -1.137973098 0 0 0 1.137973098 0 0 -0.71822506 1.137973098 -0.71822506 0 0.4016929011 -4.857225733e-17 0 6.245004514e-17 0.4016929011 0 0 0 -0.2802483767
