# exciton 0
0 0 0.1612894043 0 0 -0.03795936021 0.1612894043 -0.03795936021 0 0 0 0.03795936021 0 0 0.1612894043 0.03795936021 0.1612894043 0 -1.52583404 3.6429193e-17 0 -3.6429193e-17 -1.52583404 0 0 0 -1.111966689
# exciton 1
0 0 0.4041948405 0 0 -0.4703895 0.4041948405 -0.4703895 0 0 0 0.4703895 0 0 0.4041948405 0.4703895 0.4041948405 0 0.1499957935 0 0 0 0.1499957935 0 0 0 0.8145762035
# exciton 2
0 0 -0.3685437096 0 0 0.4105304208 -0.3685437096 0.4105304208 0 0 0 -0.4105304208 0 0 -0.3685437096 -0.4105304208 -0.3685437096 0 0.0961434437 -1.387778781e-17 0 1.387778781e-17 0.0961434437 0 0 0 0.05607061861
# exciton 3
0 0 -1.300552255 0 0 -0.009249733219 -1.300552255 -0.009249733219 0 0 0 0.009249733219 0 0 -1.300552255 0.009249733219 -1.300552255 0 -0.07410958199 5.551115123e-17 0 -5.551115123e-17 -0.07410958199 0 0 0 -0.2202990592
# exciton 4
0 0 0.0702581099 0 0 -0.4904282373 0.0702581099 -0.4904282373 0 0 0 0.4904282373 0 0 0.0702581099 0.4904282373 0.0702581099 0 0.9910306827 1.387778781e-17 0 -1.387778781e-17 0.9910306827 0 0 0 0.5078104837
