# exciton 0
0 0 -0.01591909594 0 0 0.09609479984 -0.01591909594 0.09609479984 0 0 0 -0.09609479984 0 0 -0.01591909594 -0.09609479984 -0.01591909594 0 0.03504195889 -2.602085214e-17 0 1.908195824e-17 0.03504195889 0 0 0 0.060909383
# exciton 1
0 0 0.1181906281 0 0 -0.2559362096 0.1181906281 -0.2559362096 0 0 0 0.2559362096 0 0 0.1181906281 0.2559362096 0.1181906281 0 -1.155011057 -6.938893904e-17 0 -1.387778781e-17 -1.155011057 0 0 0 0.2849033808
# exciton 2
0 0 0.1483786744 0 0 -0.003732519773 0.1483786744 -0.003732519773 0 0 0 0.003732519773 0 0 0.1483786744 0.003732519773 0.1483786744 0 -1.036591839 -1.075528555e-16 0 1.353084311e-16 -1.036591839 0 0 0 -0.6248415814
# exciton 3
0 0 -0.8861226236 0 0 0.2205472999 -0.8861226236 0.2205472999 0 0 0 -0.2205472999 0 0 -0.8861226236 -0.2205472999 -0.8861226236 0 0.5351072296 2.775557562e-17 0 -2.775557562e-17 0.5351072296 0 0 0 -1.644509642
# exciton 4
0 0 -0.3743492949 0 0 0.3439507957 -0.3743492949 0.3439507957 0 0 0 -0.3439507957 0 0 -0.3743492949 -0.3439507957 -0.3743492949 0 0.09436301445 2.775557562e-16 0 -2.775557562e-16 0.09436301445 0 0 0 1.775108302
