# exciton 0
0 0 0.2018302343 0 0 0.077895163 0.2018302343 0.077895163 0 0 0 -0.077895163 0 0 0.2018302343 -0.077895163 0.2018302343 0 -0.4735699736 -2.51534904e-17 0 2.51534904e-17 -0.4735699736 0 0 0 -0.7400784894
# exciton 1
0 0 0.2427198809 0 0 0.1097552511 0.2427198809 0.1097552511 0 0 0 -0.1097552511 0 0 0.2427198809 -0.1097552511 0.2427198809 0 1.700048265 -9.36750677e-17 0 9.36750677e-17 1.700048265 0 0 0 -0.3696009276
# exciton 2
0 0 -0.2429803792 0 0 -0.03912583565 -0.2429803792 -0.03912583565 0 0 0 0.03912583565 0 0 -0.2429803792 0.03912583565 -0.2429803792 0 1.101855966 -7.112366252e-17 0 7.112366252e-17 1.101855966 0 0 0 0.641792883
# exciton 3
0 0 0.3347838843 0 0 -0.3221862905 0.3347838843 -0.3221862905 0 0 0 0.3221862905 0 0 0.3347838843 0.3221862905 0.3347838843 0 -0.671949087 6.938893904e-18 0 -6.938893904e-18 -0.671949087 0 0 0 2.007223757
# exciton 4
0 0 0.4230675639 0 0 0.3810385067 0.4230675639 0.3810385067 0 0 0 -0.3810385067 0 0 0.4230675639 -0.3810385067 0.4230675639 0 0.05232844047 1.908195824e-16 0 -1.908195824e-16 0.05232844047 0 0 0 -1.415589375
