# exciton 0
0 0 0.2203571653 0 0 -0.1334834371 0.2203571653 -0.1334834371 0 0 0 0.1334834371 0 0 0.2203571653 0.1334834371 0.2203571653 0 -0.9021523017 1.214306433e-17 0 -1.214306433e-17 -0.9021523017 0 0 0 -0.917100813
# exciton 1
0 0 0.6560771197 0 0 -0.2637434493 0.6560771197 -0.2637434493 0 0 0 0.2637434493 0 0 0.6560771197 0.2637434493 0.6560771197 0 -0.1578081708 0 0 0 -0.1578081708 0 0 0 -0.4725651357
# exciton 2
0 0 -0.3499251092 0 0 -0.1739801463 -0.3499251092 -0.1739801463 0 0 0 0.1739801463 0 0 -0.3499251092 0.1739801463 -0.3499251092 0 0.2463284045 1.387778781e-17 0 -1.387778781e-17 0.2463284045 0 0 0 0.05782830653
# exciton 3
0 0 -0.2294792034 0 0 0.4701149522 -0.2294792034 0.4701149522 0 0 0 -0.4701149522 0 0 -0.2294792034 -0.4701149522 -0.2294792034 0 0.4083837732 -2.775557562e-17 0 2.775557562e-17 0.4083837732 0 0 0 -1.679898978
# exciton 4
0 0 0.5959825023 0 0 -0.2019408327 0.5959825023 -0.2019408327 0 0 0 0.2019408327 0 0 0.5959825023 0.2019408327 0.5959825023 0 1.90254557 0 0 0 1.90254557 0 0 0 -1.695227919
