# exciton 0
0 0 0.1860826079 0 0 -0.1458707686 0.1860826079 -0.1458707686 0 0 0 0.1458707686 0 0 0.1860826079 0.1458707686 0.1860826079 0 -0.7289597851 5.204170428e-18 0 1.734723476e-18 -0.7289597851 0 0 0 -0.7354695141
# exciton 1
0 0 0.579170455 0 0 -0.009645572468 0.579170455 -0.009645572468 0 0 0 0.009645572468 0 0 0.579170455 0.009645572468 0.579170455 0 -0.2543448584 0 0 0 -0.2543448584 0 0 0 -0.6760650796
# exciton 2
0 0 -0.3418154126 0 0 -0.3706513691 -0.3418154126 -0.3706513691 0 0 0 0.3706513691 0 0 -0.3418154126 0.3706513691 -0.3418154126 0 0.4506242272 2.081668171e-17 0 -3.469446952e-17 0.4506242272 0 0 0 0.1069138111
# exciton 3
0 0 -0.01170785137 0 0 0.5905336422 -0.01170785137 0.5905336422 0 0 0 -0.5905336422 0 0 -0.01170785137 -0.5905336422 -0.01170785137 0 0.2212130198 0 0 0 0.2212130198 0 0 0 -1.394085846
# exciton 4
0 0 0.3752873313 0 0 -0.2217064834 0.3752873313 -0.2217064834 0 0 0 0.2217064834 0 0 0.3752873313 0.2217064834 0.3752873313 0 1.740242856 -5.551115123e-17 0 4.163336342e-17 1.740242856 0 0 0 -1.791865925
