# exciton 0
0 0 -0.05990534863 0 0 -0.02146413554 -0.05990534863 -0.02146413554 0 0 0 0.02146413554 0 0 -0.05990534863 0.02146413554 -0.05990534863 0 0.4838767915 -1.734723476e-18 0 -5.204170428e-18 0.4838767915 0 0 0 0.4691146345
# exciton 1
0 0 -0.1978989442 0 0 0.08140195209 -0.1978989442 0.08140195209 0 0 0 -0.08140195209 0 0 -0.1978989442 -0.08140195209 -0.1978989442 0 -0.9277599182 0 0 0 -0.9277599182 0 0 0 -0.811056364
# exciton 2
0 0 -0.5286633636 0 0 -0.3422517998 -0.5286633636 -0.3422517998 0 0 0 0.3422517998 0 0 -0.5286633636 0.3422517998 -0.5286633636 0 0.3167762259 4.857225733e-17 0 -3.469446952e-17 0.3167762259 0 0 0 1.029272992
# exciton 3
0 0 -0.3388951186 0 0 0.5257343655 -0.3388951186 0.5257343655 0 0 0 -0.5257343655 0 0 -0.3388951186 -0.5257343655 -0.3388951186 0 -1.618055263 -2.775557562e-17 0 2.775557562e-17 -1.618055263 0 0 0 2.343122542
# exciton 4
0 0 -1.284637192 0 0 0.3227018334 -1.284637192 0.3227018334 0 0 0 -0.3227018334 0 0 -1.284637192 -0.3227018334 -1.284637192 0 -0.3866579296 5.551115123e-17 0 -5.551115123e-17 -0.3866579296 0 0 0 0.1270564451
