# exciton 0
0 0 -0.05760526743 0 0 -0.1721700603 -0.05760526743 -0.1721700603 0 0 0 0.1721700603 0 0 -0.05760526743 0.1721700603 -0.05760526743 0 0.2491539724 2.168404345e-18 0 -2.168404345e-18 0.2491539724 0 0 0 0.3438706604
# exciton 1
0 0 0.1691424229 0 0 -0.2412040664 0.1691424229 -0.2412040664 0 0 0 0.2412040664 0 0 0.1691424229 0.2412040664 0.1691424229 0 -1.315344187 -2.775557562e-17 0 2.775557562e-17 -1.315344187 0 0 0 -0.8523241064
# exciton 2
0 0 -0.07570567069 0 0 -0.5537455988 -0.07570567069 -0.5537455988 0 0 0 0.5537455988 0 0 -0.07570567069 0.5537455988 -0.07570567069 0 -0.06272627205 -1.647987302e-17 0 9.540979118e-18 -0.06272627205 0 0 0 -0.1643251335
# exciton 3
0 0 0.08009538606 0 0 -0.04872076627 0.08009538606 -0.04872076627 0 0 0 0.04872076627 0 0 0.08009538606 0.04872076627 0.08009538606 0 0.04205256878 1.387778781e-17 0 -1.387778781e-17 0.04205256878 0 0 0 -1.268733321
# exciton 4
0 0 -0.4251895801 0 0 1.255817114 -0.4251895801 1.255817114 0 0 0 -1.255817114 0 0 -0.4251895801 -1.255817114 -0.4251895801 0 0.7589817412 5.204170428e-18 0 -5.204170428e-18 0.7589817412 0 0 0 -0.5126895038
