# exciton 0
0 0 0.139258632 0 0 -0.09877938779 0.139258632 -0.09877938779 0 0 0 0.09877938779 0 0 0.139258632 0.09877938779 0.139258632 0 -0.893681071 6.938893904e-18 0 -6.938893904e-18 -0.893681071 0 0 0 -0.8564956707
# exciton 1
0 0 0.004669129812 0 0 -0.1335844282 0.004669129812 -0.1335844282 0 0 0 0.1335844282 0 0 0.004669129812 0.1335844282 0.004669129812 0 1.252485872 -5.551115123e-17 0 5.551115123e-17 1.252485872 0 0 0 1.374823761
# exciton 2
0 0 0.09842211963 0 0 -0.2655186114 0.09842211963 -0.2655186114 0 0 0 0.2655186114 0 0 0.09842211963 0.2655186114 0.09842211963 0 -0.02185844261 0 0 0 -0.02185844261 0 0 0 -0.2059512152
# exciton 3
0 0 0.6630850038 0 0 -0.3507122899 0.6630850038 -0.3507122899 0 0 0 0.3507122899 0 0 0.6630850038 0.3507122899 0.6630850038 0 1.572659692 -2.775557562e-17 0 2.775557562e-17 1.572659692 0 0 0 -2.107038204
# exciton 4
0 0 1.006657521 0 0 1.102657646 1.006657521 1.102657646 0 0 0 -1.102657646 0 0 1.006657521 -1.102657646 1.006657521 0 0.1713954143 -1.387778781e-17 0 1.387778781e-17 0.1713954143 0 0 0 0.05110186813
