# exciton 0
0 0 -0.159932714 0 0 0.02900349268 -0.159932714 0.02900349268 0 0 0 -0.02900349268 0 0 -0.159932714 -0.02900349268 -0.159932714 0 1.491206351 3.859759734e-17 0 -3.859759734e-17 1.491206351 0 0 0 1.126634049
# exciton 1
0 0 -0.3961942677 0 0 -0.6530707708 -0.3961942677 -0.6530707708 0 0 0 0.6530707708 0 0 -0.3961942677 0.6530707708 -0.3961942677 0 -0.3645881694 -2.775557562e-17 0 2.775557562e-17 -0.3645881694 0 0 0 -1.079753444
# exciton 2
0 0 0.1634005056 0 0 0.5370970595 0.1634005056 0.5370970595 0 0 0 -0.5370970595 0 0 0.1634005056 -0.5370970595 0.1634005056 0 0.1425383453 1.387778781e-17 0 -1.387778781e-17 0.1425383453 0 0 0 0.2708988428
# exciton 3
0 0 1.639258772 0 0 -0.07032769924 1.639258772 -0.07032769924 0 0 0 0.07032769924 0 0 1.639258772 0.07032769924 1.639258772 0 0.02802113446 -1.387778781e-17 0 1.387778781e-17 0.02802113446 0 0 0 -0.02789131423
# exciton 4
0 0 0.2129827188 0 0 -0.1399351838 0.2129827188 -0.1399351838 0 0 0 0.1399351838 0 0 0.2129827188 0.1399351838 0.2129827188 0 -0.2835913371 1.804112415e-16 0 -1.804112415e-16 -0.2835913371 0 0 0 -1.937422559
