# exciton 0
0 0 0.05744232222 0 0 -0.008457887975 0.05744232222 -0.008457887975 0 0 0 0.008457887975 0 0 0.05744232222 0.008457887975 0.05744232222 0 -1.832789029 -1.344410694e-17 0 2.038300084e-17 -1.832789029 0 0 0 -1.051166511
# exciton 1
0 0 -0.3020216072 0 0 0.1054123441 -0.3020216072 0.1054123441 0 0 0 -0.1054123441 0 0 -0.3020216072 -0.1054123441 -0.3020216072 0 0.7738188934 -9.36750677e-17 0 9.36750677e-17 0.7738188934 0 0 0 2.345207994
# exciton 2
0 0 -0.569745983 0 0 0.4358007701 -0.569745983 0.4358007701 0 0 0 -0.4358007701 0 0 -0.569745983 -0.4358007701 -0.569745983 0 0.3160360429 -5.03069808e-17 0 -5.204170428e-18 0.3160360429 0 0 0 0.7603015712
# exciton 3
0 0 -0.2104832089 0 0 -1.251635142 -0.2104832089 -1.251635142 0 0 0 1.251635142 0 0 -0.2104832089 1.251635142 -0.2104832089 0 0.5290077843 -1.387778781e-17 0 1.387778781e-17 0.5290077843 0 0 0 -0.5249481272
# exciton 4
0 0 -0.178113531 0 0 0.09350423918 -0.178113531 0.09350423918 0 0 0 -0.09350423918 0 0 -0.178113531 -0.09350423918 -0.178113531 0 -0.1190540388 -4.857225733e-17 0 -6.938893904e-18 -0.1190540388 0 0 0 1.436293161
