# exciton 0
0 0 0.03413654149 0 0 0.003758948355 0.03413654149 0.003758948355 0 0 0 -0.003758948355 0 0 0.03413654149 -0.003758948355 0.03413654149 0 -1.879256031 1.387778781e-17 0 -1.387778781e-17 -1.879256031 0 0 0 -1.010038407
# exciton 1
0 0 -0.1364298467 0 0 -0.2869304658 -0.1364298467 -0.2869304658 0 0 0 0.2869304658 0 0 -0.1364298467 0.2869304658 -0.1364298467 0 0.4277670927 -5.551115123e-17 0 5.551115123e-17 0.4277670927 0 0 0 2.225119272
# exciton 2
0 0 -0.3900198964 0 0 0.5830215702 -0.3900198964 0.5830215702 0 0 0 -0.5830215702 0 0 -0.3900198964 -0.5830215702 -0.3900198964 0 0.0998374324 -7.703719778e-34 0 7.703719778e-34 0.0998374324 0 0 0 0.252228712
# exciton 3
0 0 -0.9010338268 0 0 -0.7566130718 -0.9010338268 -0.7566130718 0 0 0 0.7566130718 0 0 -0.9010338268 0.7566130718 -0.9010338268 0 0.3690583053 -1.387778781e-17 0 1.387778781e-17 0.3690583053 0 0 0 -0.465311639
# exciton 4
0 0 -0.3091081467 0 0 -0.1318954811 -0.3091081467 -0.1318954811 0 0 0 0.1318954811 0 0 -0.3091081467 0.1318954811 -0.3091081467 0 -0.008900888091 5.377642776e-17 0 -5.377642776e-17 -0.008900888091 0 0 0 2.018409072
