# exciton 0
0 0 0.04057128692 0 0 -0.1815963451 0.04057128692 -0.1815963451 0 0 0 0.1815963451 0 0 0.04057128692 0.1815963451 0.04057128692 0 -0.01945905829 -2.710505431e-18 0 2.710505431e-18 -0.01945905829 0 0 0 -0.0260267476
# exciton 1
0 0 0.3517221793 0 0 -0.2153640991 0.3517221793 -0.2153640991 0 0 0 0.2153640991 0 0 0.3517221793 0.2153640991 0.3517221793 0 -0.9907716428 -2.081668171e-17 0 2.081668171e-17 -0.9907716428 0 0 0 -0.9396597987
# exciton 2
0 0 -0.2349822605 0 0 -0.5914640672 -0.2349822605 -0.5914640672 0 0 0 0.5914640672 0 0 -0.2349822605 0.5914640672 -0.2349822605 0 0.03805427961 -1.301042607e-18 0 1.301042607e-18 0.03805427961 0 0 0 0.06019048616
# exciton 3
0 0 0.1154649285 0 0 0.2749505224 0.1154649285 0.2749505224 0 0 0 -0.2749505224 0 0 0.1154649285 -0.2749505224 0.1154649285 0 0.1416418924 1.561251128e-17 0 -1.561251128e-17 0.1416418924 0 0 0 -1.450020221
# exciton 4
0 0 -0.1384109801 0 0 0.9198852762 -0.1384109801 0.9198852762 0 0 0 -0.9198852762 0 0 -0.1384109801 -0.9198852762 -0.1384109801 0 1.158689163 8.67361738e-19 0 -8.67361738e-19 1.158689163 0 0 0 -1.07088413
