# exciton 0
0 0 -0.07584772795 0 0 0.02766077053 -0.07584772795 0.02766077053 0 0 0 -0.02766077053 0 0 -0.07584772795 -0.02766077053 -0.07584772795 0 0.2161316711 -1.301042607e-17 0 1.301042607e-17 0.2161316711 0 0 0 0.2073190328
# exciton 1
0 0 0.103408303 0 0 0.563003068 0.103408303 0.563003068 0 0 0 -0.563003068 0 0 0.103408303 -0.563003068 0.103408303 0 0.387978685 1.387778781e-17 0 -1.387778781e-17 0.387978685 0 0 0 0.318517986
# exciton 2
0 0 0.3439296593 0 0 -0.3905989852 0.3439296593 -0.3905989852 0 0 0 0.3905989852 0 0 0.3439296593 0.3905989852 0.3439296593 0 -1.034692137 2.775557562e-17 0 -2.775557562e-17 -1.034692137 0 0 0 -0.4812843808
# exciton 3
0 0 -0.3056055474 0 0 0.9144502622 -0.3056055474 0.9144502622 0 0 0 -0.9144502622 0 0 -0.3056055474 -0.9144502622 -0.3056055474 0 0.7882045178 0 0 0 0.7882045178 0 0 0 -0.8427808064
# exciton 4
0 0 1.150533819 0 0 -0.6499198763 1.150533819 -0.6499198763 0 0 0 0.6499198763 0 0 1.150533819 0.6499198763 1.150533819 0 0.128890878 2.775557562e-17 0 -2.775557562e-17 0.128890878 0 0 0 -0.07895840398
