# exciton 0
0 0 0.2538370801 0 0 -0.02869623829 0.2538370801 -0.02869623829 0 0 0 0.02869623829 0 0 0.2538370801 0.02869623829 0.2538370801 0 -1.006132086 -1.517883041e-17 0 2.558717127e-17 -1.006132086 0 0 0 -1.153826849
# exciton 1
0 0 0.1915495402 0 0 0.129523413 0.1915495402 0.129523413 0 0 0 -0.129523413 0 0 0.1915495402 -0.129523413 0.1915495402 0 1.778787674 -9.714451465e-17 0 9.714451465e-17 1.778787674 0 0 0 0.6013385507
# exciton 2
0 0 -0.5265851927 0 0 -0.03106711662 -0.5265851927 -0.03106711662 0 0 0 0.03106711662 0 0 -0.5265851927 0.03106711662 -0.5265851927 0 0.5081425461 -1.179611964e-16 0 7.632783294e-17 0.5081425461 0 0 0 1.042632356
# exciton 3
0 0 -0.09235044968 0 0 -1.080400924 -0.09235044968 -1.080400924 0 0 0 1.080400924 0 0 -0.09235044968 1.080400924 -0.09235044968 0 -0.2246152682 2.081668171e-17 0 -2.081668171e-17 -0.2246152682 0 0 0 1.33174467
# exciton 4
0 0 0.4792404615 0 0 0.8794106097 0.4792404615 0.8794106097 0 0 0 -0.8794106097 0 0 0.4792404615 -0.8794106097 0.4792404615 0 0.00343901437 2.428612866e-17 0 -3.122502257e-17 0.00343901437 0 0 0 -0.3637423161
