# exciton 0
0 0 0.1314502333 0 0 0.1533647799 0.1314502333 0.1533647799 0 0 0 -0.1533647799 0 0 0.1314502333 -0.1533647799 0.1314502333 0 -0.4030771388 6.938893904e-18 0 -6.938893904e-18 -0.4030771388 0 0 0 -0.5513280934
# exciton 1
0 0 0.6099798969 0 0 -0.3301398313 0.6099798969 -0.3301398313 0 0 0 0.3301398313 0 0 0.6099798969 0.3301398313 0.6099798969 0 -0.01572873359 -3.081487911e-33 0 3.081487911e-33 -0.01572873359 0 0 0 -0.0001040178403
# exciton 2
0 0 0.2626307482 0 0 0.1614930226 0.2626307482 0.1614930226 0 0 0 -0.1614930226 0 0 0.2626307482 -0.1614930226 0.2626307482 0 -0.8579824783 0 0 0 -0.8579824783 0 0 0 -0.8776473995
# exciton 3
0 0 -1.842676745 0 0 0.675898421 -1.842676745 0.675898421 0 0 0 -0.675898421 0 0 -1.842676745 -0.675898421 -1.842676745 0 -0.03262926016 6.938893904e-18 0 -6.938893904e-18 -0.03262926016 0 0 0 -0.01688642631
# exciton 4
0 0 -0.003417048757 0 0 -0.1051804694 -0.003417048757 -0.1051804694 0 0 0 0.1051804694 0 0 -0.003417048757 0.1051804694 -0.003417048757 0 0.109857673 2.91433544e-16 0 -2.91433544e-16 0.109857673 0 0 0 1.940160614
