# exciton 0
0 0 0.08416452741 0 0 -0.1417939296 0.08416452741 -0.1417939296 0 0 0 0.1417939296 0 0 0.08416452741 0.1417939296 0.08416452741 0 -0.1947171438 -1.301042607e-18 0 4.770489559e-18 -0.1947171438 0 0 0 -0.2111546909
# exciton 1
0 0 0.3337137254 0 0 0.1363843833 0.3337137254 0.1363843833 0 0 0 -0.1363843833 0 0 0.3337137254 -0.1363843833 0.3337137254 0 -0.6419754955 -6.938893904e-18 0 6.938893904e-18 -0.6419754955 0 0 0 -0.9406138684
# exciton 2
0 0 -0.3937810944 0 0 -0.6014331616 -0.3937810944 -0.6014331616 0 0 0 0.6014331616 0 0 -0.3937810944 0.6014331616 -0.3937810944 0 0.4205194118 3.6429193e-17 0 -3.6429193e-17 0.4205194118 0 0 0 0.3964995067
# exciton 3
0 0 -0.1314805662 0 0 0.6429235077 -0.1314805662 0.6429235077 0 0 0 -0.6429235077 0 0 -0.1314805662 -0.6429235077 -0.1314805662 0 -0.5215844127 2.775557562e-17 0 -2.775557562e-17 -0.5215844127 0 0 0 -0.03125736145
# exciton 4
0 0 -0.4287007211 0 0 0.2102969565 -0.4287007211 0.2102969565 0 0 0 -0.2102969565 0 0 -0.4287007211 -0.2102969565 -0.4287007211 0 0.8913884401 -5.898059818e-17 0 4.510281038e-17 0.8913884401 0 0 0 -0.9252512129
