# exciton 0
0 0 0.2476395236 0 0 0.07535229961 0.2476395236 0.07535229961 0 0 0 -0.07535229961 0 0 0.2476395236 -0.07535229961 0.2476395236 0 -1.0656292 -3.924318568e-17 0 3.924318568e-17 -1.0656292 0 0 0 -1.132485288
# exciton 1
0 0 0.1898908128 0 0 0.5200178287 0.1898908128 0.5200178287 0 0 0 -0.5200178287 0 0 0.1898908128 -0.5200178287 0.1898908128 0 1.562368059 -1.053866778e-16 0 1.053866778e-16 1.562368059 0 0 0 0.3707992983
# exciton 2
0 0 -0.3248643216 0 0 0.1176815683 -0.3248643216 0.1176815683 0 0 0 -0.1176815683 0 0 -0.3248643216 -0.1176815683 -0.3248643216 0 1.162497986 -1.675659158e-16 0 1.675659158e-16 1.162497986 0 0 0 0.5518105456
# exciton 3
0 0 0.2179640477 0 0 -0.8334019148 0.2179640477 -0.8334019148 0 0 0 0.8334019148 0 0 0.2179640477 0.8334019148 0.2179640477 0 -0.2926670657 -9.494962661e-18 0 9.494962661e-18 -0.2926670657 0 0 0 1.130500899
# exciton 4
0 0 0.09622788741 0 0 -0.07070817982 0.09622788741 -0.07070817982 0 0 0 0.07070817982 0 0 0.09622788741 0.07070817982 0.09622788741 0 0.04723931484 4.337737108e-17 0 -4.337737108e-17 0.04723931484 0 0 0 -0.4535441512
