# exciton 0
0 0 -0.05090769134 0 0 -0.1473884064 -0.05090769134 -0.1473884064 0 0 0 0.1473884064 0 0 -0.05090769134 0.1473884064 -0.05090769134 0 0.05358079025 -1.301042607e-18 0 1.301042607e-18 0.05358079025 0 0 0 0.05991659581
# exciton 1
0 0 -0.2861720284 0 0 0.07873842141 -0.2861720284 0.07873842141 0 0 0 -0.07873842141 0 0 -0.2861720284 -0.07873842141 -0.2861720284 0 0.7753002003 0 0 0 0.7753002003 0 0 0 0.9938807653
# exciton 2
0 0 0.3931498106 0 0 -0.6178130102 0.3931498106 -0.6178130102 0 0 0 0.6178130102 0 0 0.3931498106 0.6178130102 0.3931498106 0 -0.3213454302 3.469446952e-17 0 -2.775557562e-17 -0.3213454302 0 0 0 -0.4343540233
# exciton 3
0 0 0.2071633105 0 0 0.5557005842 0.2071633105 0.5557005842 0 0 0 -0.5557005842 0 0 0.2071633105 -0.5557005842 0.2071633105 0 0.6491945194 1.387778781e-17 0 -1.387778781e-17 0.6491945194 0 0 0 -0.1921522447
# exciton 4
0 0 0.5464511714 0 0 0.4324326645 0.5464511714 0.4324326645 0 0 0 -0.4324326645 0 0 0.5464511714 -0.4324326645 0.5464511714 0 -0.7475660582 -4.163336342e-17 0 4.163336342e-17 -0.7475660582 0 0 0 0.7497221723
