# exciton 0
0 0 0.02902308302 0 0 -0.1809548447 0.02902308302 -0.1809548447 0 0 0 0.1809548447 0 0 0.02902308302 0.1809548447 0.02902308302 0 0.01524675818 -3.252606517e-18 0 3.252606517e-18 0.01524675818 0 0 0 0.02020995963
# exciton 1
0 0 0.3298528977 0 0 -0.1986743656 0.3298528977 -0.1986743656 0 0 0 0.1986743656 0 0 0.3298528977 0.1986743656 0.3298528977 0 -1.01470915 -6.245004514e-17 0 6.245004514e-17 -1.01470915 0 0 0 -0.9530775145
# exciton 2
0 0 -0.2350467008 0 0 -0.5982649468 -0.2350467008 -0.5982649468 0 0 0 0.5982649468 0 0 -0.2350467008 0.5982649468 -0.2350467008 0 0.04472222858 3.469446952e-18 0 -3.469446952e-18 0.04472222858 0 0 0 0.07610571826
# exciton 3
0 0 0.07696597731 0 0 0.2599130439 0.07696597731 0.2599130439 0 0 0 -0.2599130439 0 0 0.07696597731 -0.2599130439 0.07696597731 0 0.05094450839 2.775557562e-17 0 -2.775557562e-17 0.05094450839 0 0 0 -1.272881095
# exciton 4
0 0 -0.2046289744 0 0 0.9402539541 -0.2046289744 0.9402539541 0 0 0 -0.9402539541 0 0 -0.2046289744 -0.9402539541 -0.2046289744 0 1.084779613 -3.469446952e-18 0 3.469446952e-18 1.084779613 0 0 0 -0.9950757185
