# exciton 0
0 0 0.05990167821 0 0 -0.1510236904 0.05990167821 -0.1510236904 0 0 0 0.1510236904 0 0 0.05990167821 0.1510236904 0.05990167821 0 -0.3529033717 2.602085214e-18 0 8.67361738e-19 -0.3529033717 0 0 0 -0.4083236042
# exciton 1
0 0 -0.1304884141 0 0 -0.0729249075 -0.1304884141 -0.0729249075 0 0 0 0.0729249075 0 0 -0.1304884141 0.0729249075 -0.1304884141 0 1.14828526 -1.387778781e-17 0 1.387778781e-17 1.14828526 0 0 0 1.087266663
# exciton 2
0 0 0.2724978068 0 0 -0.5636162762 0.2724978068 -0.5636162762 0 0 0 0.5636162762 0 0 0.2724978068 0.5636162762 0.2724978068 0 -0.09375748438 1.387778781e-17 0 -2.775557562e-17 -0.09375748438 0 0 0 -0.3205122107
# exciton 3
0 0 0.4154459414 0 0 0.1354656094 0.4154459414 0.1354656094 0 0 0 -0.1354656094 0 0 0.4154459414 -0.1354656094 0.4154459414 0 0.9641393411 0 0 0 0.9641393411 0 0 0 -0.7764390256
# exciton 4
0 0 0.830606931 0 0 1.002433461 0.830606931 1.002433461 0 0 0 -1.002433461 0 0 0.830606931 -1.002433461 0.830606931 0 -0.3280289369 -2.775557562e-17 0 1.387778781e-17 -0.3280289369 0 0 0 0.2460164769
