# exciton 0
0 0 -0.0404468149 0 0 -0.1506909244 -0.0404468149 -0.1506909244 0 0 0 0.1506909244 0 0 -0.0404468149 0.1506909244 -0.0404468149 0 0.01265504031 2.168404345e-18 0 -2.168404345e-18 0.01265504031 0 0 0 0.01432866183
# exciton 1
0 0 -0.276329494 0 0 0.05263223876 -0.276329494 0.05263223876 0 0 0 -0.05263223876 0 0 -0.276329494 -0.05263223876 -0.276329494 0 0.8196543602 1.387778781e-17 0 -1.387778781e-17 0.8196543602 0 0 0 1.009956993
# exciton 2
0 0 0.3853212769 0 0 -0.6202851882 0.3853212769 -0.6202851882 0 0 0 0.6202851882 0 0 0.3853212769 0.6202851882 0.3853212769 0 -0.2849407986 3.122502257e-17 0 -3.122502257e-17 -0.2849407986 0 0 0 -0.427807126
# exciton 3
0 0 0.2223629121 0 0 0.5155632545 0.2223629121 0.5155632545 0 0 0 -0.5155632545 0 0 0.2223629121 -0.5155632545 0.2223629121 0 0.6625388244 -1.387778781e-17 0 1.387778781e-17 0.6625388244 0 0 0 -0.207600646
# exciton 4
0 0 0.5630642615 0 0 0.512855205 0.5630642615 0.512855205 0 0 0 -0.512855205 0 0 0.5630642615 -0.512855205 0.5630642615 0 -0.7236173293 -3.469446952e-17 0 3.469446952e-17 -0.7236173293 0 0 0 0.7159861925
