# exciton 0
0 0 -0.003420569288 0 0 0.1641046889 -0.003420569288 0.1641046889 0 0 0 -0.1641046889 0 0 -0.003420569288 -0.1641046889 -0.003420569288 0 0.09313723543 -9.540979118e-18 0 -4.33680869e-18 0.09313723543 0 0 0 0.1112597217
# exciton 1
0 0 -0.4647412558 0 0 0.236809043 -0.4647412558 0.236809043 0 0 0 -0.236809043 0 0 -0.4647412558 -0.236809043 -0.4647412558 0 -0.1156481335 -2.775557562e-17 0 -2.775557562e-17 -0.1156481335 0 0 0 -0.004188607503
# exciton 2
0 0 -0.3106048397 0 0 -0.0444593151 -0.3106048397 -0.0444593151 0 0 0 0.0444593151 0 0 -0.3106048397 0.0444593151 -0.3106048397 0 1.118586374 2.428612866e-17 0 5.898059818e-17 1.118586374 0 0 0 0.7336518709
# exciton 3
0 0 1.43447678 0 0 0.8443492417 1.43447678 0.8443492417 0 0 0 -0.8443492417 0 0 1.43447678 -0.8443492417 1.43447678 0 -0.2133856881 -1.387778781e-17 0 1.387778781e-17 -0.2133856881 0 0 0 0.1766550626
# exciton 4
0 0 -0.6838971055 0 0 -0.5353127556 -0.6838971055 -0.5353127556 0 0 0 0.5353127556 0 0 -0.6838971055 0.5353127556 -0.6838971055 0 -0.2837498239 2.289834988e-16 0 -2.289834988e-16 -0.2837498239 0 0 0 -0.8595247274
