# exciton 0
0 0 -0.2310823811 0 0 -0.06149640448 -0.2310823811 -0.06149640448 0 0 0 0.06149640448 0 0 -0.2310823811 0.06149640448 -0.2310823811 0 0.6599161035 -2.081668171e-17 0 2.081668171e-17 0.6599161035 0 0 0 0.939678717
# exciton 1
0 0 -0.2281837329 0 0 -0.07858327528 -0.2281837329 -0.07858327528 0 0 0 0.07858327528 0 0 -0.2281837329 0.07858327528 -0.2281837329 0 -1.882439984 -1.249000903e-16 0 1.249000903e-16 -1.882439984 0 0 0 -0.2131599559
# exciton 2
0 0 0.4109903307 0 0 -0.2092389673 0.4109903307 -0.2092389673 0 0 0 0.2092389673 0 0 0.4109903307 0.2092389673 0.4109903307 0 -0.4575634705 -1.110223025e-16 0 1.110223025e-16 -0.4575634705 0 0 0 -0.9646372055
# exciton 3
0 0 0.2566305518 0 0 -0.7686804923 0.2566305518 -0.7686804923 0 0 0 0.7686804923 0 0 0.2566305518 0.7686804923 0.2566305518 0 0.5920770707 0 0 0 0.5920770707 0 0 0 -2.180142044
# exciton 4
0 0 -0.5793221616 0 0 1.182439119 -0.5793221616 1.182439119 0 0 0 -1.182439119 0 0 -0.5793221616 -1.182439119 -0.5793221616 0 0.1402679748 7.632783294e-17 0 -7.632783294e-17 0.1402679748 0 0 0 0.5900089541
