# exciton 0
0 0 -0.1963602873 0 0 -0.07040848654 -0.1963602873 -0.07040848654 0 0 0 0.07040848654 0 0 -0.1963602873 0.07040848654 -0.1963602873 0 1.347543564 6.938893904e-18 0 -6.938893904e-18 1.347543564 0 0 0 1.098140976
# exciton 1
0 0 -0.5283083051 0 0 -0.4168473174 -0.5283083051 -0.4168473174 0 0 0 0.4168473174 0 0 -0.5283083051 0.4168473174 -0.5283083051 0 -0.07176652107 2.775557562e-17 0 -2.775557562e-17 -0.07176652107 0 0 0 -0.3451436743
# exciton 2
0 0 0.3703592543 0 0 0.2384728349 0.3703592543 0.2384728349 0 0 0 -0.2384728349 0 0 0.3703592543 -0.2384728349 0.3703592543 0 -0.1545821514 0 0 0 -0.1545821514 0 0 0 -0.05190371119
# exciton 3
0 0 0.9803591603 0 0 0.1762856108 0.9803591603 0.1762856108 0 0 0 -0.1762856108 0 0 0.9803591603 -0.1762856108 0.9803591603 0 -0.08010452407 0 0 0 -0.08010452407 0 0 0 0.7120527597
# exciton 4
0 0 -0.3274776406 0 0 -0.4762244536 -0.3274776406 -0.4762244536 0 0 0 0.4762244536 0 0 -0.3274776406 0.4762244536 -0.3274776406 0 -1.411087767 8.326672685e-17 0 -8.326672685e-17 -1.411087767 0 0 0 0.3862550729
