# exciton 0
0 0 -0.1376319596 0 0 0.03771234098 -0.1376319596 0.03771234098 0 0 0 -0.03771234098 0 0 -0.1376319596 -0.03771234098 -0.1376319596 0 1.083913605 -2.949029909e-17 0 2.949029909e-17 1.083913605 0 0 0 0.7987213896
# exciton 1
0 0 -0.03623398168 0 0 0.8580117141 -0.03623398168 0.8580117141 0 0 0 -0.8580117141 0 0 -0.03623398168 -0.8580117141 -0.03623398168 0 -0.20501883 -1.387778781e-17 0 1.387778781e-17 -0.20501883 0 0 0 -0.3801123413
# exciton 2
0 0 0.0149629679 0 0 -0.101692265 0.0149629679 -0.101692265 0 0 0 0.101692265 0 0 0.0149629679 0.101692265 0.0149629679 0 -1.58386727 -5.551115123e-17 0 5.551115123e-17 -1.58386727 0 0 0 0.3814975733
# exciton 3
0 0 -0.4021637107 0 0 0.3985194791 -0.4021637107 0.3985194791 0 0 0 -0.3985194791 0 0 -0.4021637107 -0.3985194791 -0.4021637107 0 0.08964936487 -1.110223025e-16 0 1.110223025e-16 0.08964936487 0 0 0 0.2728743478
# exciton 4
0 0 0.6412389585 0 0 -1.394765296 0.6412389585 -1.394765296 0 0 0 1.394765296 0 0 0.6412389585 1.394765296 0.6412389585 0 -0.3647484401 -7.632783294e-17 0 7.632783294e-17 -0.3647484401 0 0 0 0.1029657269
