# exciton 0
0 0 -0.1401205531 0 0 -0.03798125047 -0.1401205531 -0.03798125047 0 0 0 0.03798125047 0 0 -0.1401205531 0.03798125047 -0.1401205531 0 0.3168867199 -1.387778781e-17 0 1.387778781e-17 0.3168867199 0 0 0 0.5414841266
# exciton 1
0 0 -0.1525041325 0 0 -0.2528156907 -0.1525041325 -0.2528156907 0 0 0 0.2528156907 0 0 -0.1525041325 0.2528156907 -0.1525041325 0 -1.761093675 -1.110223025e-16 0 1.110223025e-16 -1.761093675 0 0 0 0.1491538218
# exciton 2
0 0 0.2625607822 0 0 -0.2285761837 0.2625607822 -0.2285761837 0 0 0 0.2285761837 0 0 0.2625607822 0.2285761837 0.2625607822 0 -0.6270050212 -1.110223025e-16 0 1.110223025e-16 -0.6270050212 0 0 0 -0.8090274358
# exciton 3
0 0 0.2606699957 0 0 -0.3491250787 0.2606699957 -0.3491250787 0 0 0 0.3491250787 0 0 0.2606699957 0.3491250787 0.2606699957 0 1.037095955 2.775557562e-17 0 -2.775557562e-17 1.037095955 0 0 0 -3.024941164
# exciton 4
0 0 -0.4607095055 0 0 1.069266107 -0.4607095055 1.069266107 0 0 0 -1.069266107 0 0 -0.4607095055 -1.069266107 -0.4607095055 0 0.3300628634 1.387778781e-16 0 -1.387778781e-16 0.3300628634 0 0 0 0.8324062856
