# exciton 0
0 0 -0.04011921821 0 0 -0.01007475117 -0.04011921821 -0.01007475117 0 0 0 0.01007475117 0 0 -0.04011921821 0.01007475117 -0.04011921821 0 1.854292855 -6.938893904e-18 0 1.387778781e-17 1.854292855 0 0 0 1.023428833
# exciton 1
0 0 0.275550349 0 0 -0.0897463916 0.275550349 -0.0897463916 0 0 0 0.0897463916 0 0 0.275550349 0.0897463916 0.275550349 0 -0.6515434984 -6.938893904e-18 0 9.020562075e-17 -0.6515434984 0 0 0 -2.425668973
# exciton 2
0 0 0.4838014937 0 0 0.4796908872 0.4838014937 0.4796908872 0 0 0 -0.4796908872 0 0 0.4838014937 -0.4796908872 0.4838014937 0 -0.1622905534 -2.428612866e-17 0 2.428612866e-17 -0.1622905534 0 0 0 -0.5480211478
# exciton 3
0 0 0.3399322876 0 0 -1.088105213 0.3399322876 -1.088105213 0 0 0 1.088105213 0 0 0.3399322876 1.088105213 0.3399322876 0 -0.6809608337 -4.857225733e-17 0 -6.938893904e-18 -0.6809608337 0 0 0 0.8585778753
# exciton 4
0 0 0.1672143275 0 0 0.1454964341 0.1672143275 0.1454964341 0 0 0 -0.1454964341 0 0 0.1672143275 -0.1454964341 0.1672143275 0 0.1018681737 -5.551115123e-17 0 6.938893904e-18 0.1018681737 0 0 0 -1.71282601
