# exciton 0
0 0 0.07689930063 0 0 -0.1005385105 0.07689930063 -0.1005385105 0 0 0 0.1005385105 0 0 0.07689930063 0.1005385105 0.07689930063 0 -0.5160649389 1.040834086e-17 0 -1.040834086e-17 -0.5160649389 0 0 0 -0.5293052379
# exciton 1
0 0 0.004627473157 0 0 -0.0113643843 0.004627473157 -0.0113643843 0 0 0 0.0113643843 0 0 0.004627473157 0.0113643843 0.004627473157 0 1.091137915 0 0 0 1.091137915 0 0 0 1.102280498
# exciton 2
0 0 0.3834047138 0 0 -0.456580298 0.3834047138 -0.456580298 0 0 0 0.456580298 0 0 0.3834047138 0.456580298 0.3834047138 0 -0.1480343242 2.775557562e-17 0 -2.775557562e-17 -0.1480343242 0 0 0 -0.6590163104
# exciton 3
0 0 0.6268314067 0 0 0.2108200618 0.6268314067 0.2108200618 0 0 0 -0.2108200618 0 0 0.6268314067 -0.2108200618 0.6268314067 0 1.560937706 -2.775557562e-17 0 2.775557562e-17 1.560937706 0 0 0 -2.061303558
# exciton 4
0 0 1.139330534 0 0 0.7960362011 1.139330534 0.7960362011 0 0 0 -0.7960362011 0 0 1.139330534 -0.7960362011 1.139330534 0 0.1106772094 0 0 0 0.1106772094 0 0 0 -0.0609035844
