# exciton 0
0 0 -0.07125625728 0 0 0.04069180689 -0.07125625728 0.04069180689 0 0 0 -0.04069180689 0 0 -0.07125625728 -0.04069180689 -0.07125625728 0 1.688480761 -3.6429193e-17 0 3.6429193e-17 1.688480761 0 0 0 0.9599179035
# exciton 1
0 0 0.1650637453 0 0 0.7125267222 0.1650637453 0.7125267222 0 0 0 -0.7125267222 0 0 0.1650637453 -0.7125267222 0.1650637453 0 -0.4790339898 -7.632783294e-17 0 7.632783294e-17 -0.4790339898 0 0 0 -1.507746322
# exciton 2
0 0 0.1959010678 0 0 0.3031080657 0.1959010678 0.3031080657 0 0 0 -0.3031080657 0 0 0.1959010678 -0.3031080657 0.1959010678 0 -1.303425162 -6.245004514e-17 0 6.245004514e-17 -1.303425162 0 0 0 0.0738386492
# exciton 3
0 0 0.05677721562 0 0 -0.5451674158 0.05677721562 -0.5451674158 0 0 0 0.5451674158 0 0 0.05677721562 0.5451674158 0.05677721562 0 0.00362939389 -1.179611964e-16 0 1.179611964e-16 0.00362939389 0 0 0 0.0292094643
# exciton 4
0 0 0.5133952912 0 0 -1.217175209 0.5133952912 -1.217175209 0 0 0 1.217175209 0 0 0.5133952912 1.217175209 0.5133952912 0 -0.1874750002 -8.67361738e-17 0 8.67361738e-17 -0.1874750002 0 0 0 -0.654706954
