# exciton 0
0 0 0.03370988623 0 0 -0.1336538854 0.03370988623 -0.1336538854 0 0 0 0.1336538854 0 0 0.03370988623 0.1336538854 0.03370988623 0 -0.2826047087 1.734723476e-18 0 -1.734723476e-18 -0.2826047087 0 0 0 -0.3118698631
# exciton 1
0 0 -0.1210815281 0 0 0.01324105787 -0.1210815281 0.01324105787 0 0 0 -0.01324105787 0 0 -0.1210815281 -0.01324105787 -0.1210815281 0 1.023433417 1.387778781e-17 0 -1.387778781e-17 1.023433417 0 0 0 1.061106042
# exciton 2
0 0 0.3752502151 0 0 -0.5710517606 0.3752502151 -0.5710517606 0 0 0 0.5710517606 0 0 0.3752502151 0.5710517606 0.3752502151 0 -0.1855586593 2.775557562e-17 0 -2.775557562e-17 -0.1855586593 0 0 0 -0.5270816406
# exciton 3
0 0 0.4683281514 0 0 0.328488372 0.4683281514 0.328488372 0 0 0 -0.328488372 0 0 0.4683281514 -0.328488372 0.4683281514 0 1.149536699 -5.551115123e-17 0 5.551115123e-17 1.149536699 0 0 0 -1.182380852
# exciton 4
0 0 0.9207547182 0 0 0.7620331348 0.9207547182 0.7620331348 0 0 0 -0.7620331348 0 0 0.9207547182 -0.7620331348 0.9207547182 0 -0.2490479653 -2.775557562e-17 0 2.775557562e-17 -0.2490479653 0 0 0 0.2034177532
