# exciton 0
0 0 -0.1913767872 0 0 -0.1626395477 -0.1913767872 -0.1626395477 0 0 0 0.1626395477 0 0 -0.1913767872 0.1626395477 -0.1913767872 0 0.5336165094 1.734723476e-18 0 -1.734723476e-18 0.5336165094 0 0 0 0.6592566077
# exciton 1
0 0 -0.6297186581 0 0 -0.3191066483 -0.6297186581 -0.3191066483 0 0 0 0.3191066483 0 0 -0.6297186581 0.3191066483 -0.6297186581 0 0.4682347298 0 0 0 0.4682347298 0 0 0 0.7916319535
# exciton 2
0 0 0.3149088711 0 0 -0.3853229103 0.3149088711 -0.3853229103 0 0 0 0.3853229103 0 0 0.3149088711 0.3853229103 0.3149088711 0 -0.09433501447 6.938893904e-18 0 -6.938893904e-18 -0.09433501447 0 0 0 -0.05100384906
# exciton 3
0 0 -0.08925878436 0 0 0.4880297641 -0.08925878436 0.4880297641 0 0 0 -0.4880297641 0 0 -0.08925878436 -0.4880297641 -0.08925878436 0 -0.5831835464 5.551115123e-17 0 -5.551115123e-17 -0.5831835464 0 0 0 2.187253192
# exciton 4
0 0 -0.5046725464 0 0 0.312462411 -0.5046725464 0.312462411 0 0 0 -0.312462411 0 0 -0.5046725464 -0.312462411 -0.5046725464 0 -1.847633738 2.775557562e-17 0 -2.775557562e-17 -1.847633738 0 0 0 1.779426503
