# exciton 0
0 0 -0.02536230754 0 0 -0.08902134204 -0.02536230754 -0.08902134204 0 0 0 0.08902134204 0 0 -0.02536230754 0.08902134204 -0.02536230754 0 0.09101760788 -6.938893904e-18 0 0 0.09101760788 0 0 0 0.1587710299
# exciton 1
0 0 0.08860950653 0 0 -0.4437971125 0.08860950653 -0.4437971125 0 0 0 0.4437971125 0 0 0.08860950653 0.4437971125 0.08860950653 0 -1.470347555 -5.551115123e-17 0 5.551115123e-17 -1.470347555 0 0 0 -0.1255927097
# exciton 2
0 0 0.1102122369 0 0 -0.3193916132 0.1102122369 -0.3193916132 0 0 0 0.3193916132 0 0 0.1102122369 0.3193916132 0.1102122369 0 -0.4681753122 -7.285838599e-17 0 8.67361738e-17 -0.4681753122 0 0 0 -0.6162604526
# exciton 3
0 0 0.3475663481 0 0 -0.08423710375 0.3475663481 -0.08423710375 0 0 0 0.08423710375 0 0 0.3475663481 0.08423710375 0.3475663481 0 1.126509157 4.163336342e-17 0 -4.163336342e-17 1.126509157 0 0 0 -3.278155687
# exciton 4
0 0 -0.2160738589 0 0 1.143485566 -0.2160738589 1.143485566 0 0 0 -1.143485566 0 0 -0.2160738589 -1.143485566 -0.2160738589 0 0.7848223376 1.45716772e-16 0 -1.318389842e-16 0.7848223376 0 0 0 0.1830943187
