# exciton 0
0 0 -0.1356966993 0 0 -0.04703751472 -0.1356966993 -0.04703751472 0 0 0 0.04703751472 0 0 -0.1356966993 0.04703751472 -0.1356966993 0 1.204845001 -1.084202172e-17 0 1.084202172e-17 1.204845001 0 0 0 0.849547254
# exciton 1
0 0 -0.2369240088 0 0 0.5379923423 -0.2369240088 0.5379923423 0 0 0 -0.5379923423 0 0 -0.2369240088 -0.5379923423 -0.2369240088 0 -0.06268855493 -2.775557562e-17 0 2.775557562e-17 -0.06268855493 0 0 0 -0.241898099
# exciton 2
0 0 0.1707357307 0 0 -0.1091488285 0.1707357307 -0.1091488285 0 0 0 0.1091488285 0 0 0.1707357307 0.1091488285 0.1707357307 0 -1.157119154 -6.938893904e-18 0 6.938893904e-18 -1.157119154 0 0 0 0.2063747181
# exciton 3
0 0 0.0121956661 0 0 0.4011565103 0.0121956661 0.4011565103 0 0 0 -0.4011565103 0 0 0.0121956661 -0.4011565103 0.0121956661 0 0.04055923162 0 0 0 0.04055923162 0 0 0 0.54320907
# exciton 4
0 0 0.1501777003 0 0 -1.187313922 0.1501777003 -1.187313922 0 0 0 1.187313922 0 0 0.1501777003 1.187313922 0.1501777003 0 -1.043447998 -1.110223025e-16 0 1.110223025e-16 -1.043447998 0 0 0 0.7629418351
