# exciton 0
0 0 -0.1193200527 0 0 -0.06258220793 -0.1193200527 -0.06258220793 0 0 0 0.06258220793 0 0 -0.1193200527 0.06258220793 -0.1193200527 0 1.554274791 4.33680869e-18 0 -4.33680869e-18 1.554274791 0 0 0 1.000110997
# exciton 1
0 0 -0.2770019025 0 0 0.01495580641 -0.2770019025 0.01495580641 0 0 0 -0.01495580641 0 0 -0.2770019025 -0.01495580641 -0.2770019025 0 -0.09933996817 0 0 0 -0.09933996817 0 0 0 -0.7728834514
# exciton 2
0 0 0.3483763391 0 0 0.2288958561 0.3483763391 0.2288958561 0 0 0 -0.2288958561 0 0 0.3483763391 -0.2288958561 0.3483763391 0 -0.5960618046 2.775557562e-17 0 -2.775557562e-17 -0.5960618046 0 0 0 -0.03511919524
# exciton 3
0 0 0.7015595669 0 0 0.03317841016 0.7015595669 0.03317841016 0 0 0 -0.03317841016 0 0 0.7015595669 -0.03317841016 0.7015595669 0 0.002058270707 -2.775557562e-17 0 2.775557562e-17 0.002058270707 0 0 0 0.4805890357
# exciton 4
0 0 -0.1464050674 0 0 -0.9260007699 -0.1464050674 -0.9260007699 0 0 0 0.9260007699 0 0 -0.1464050674 0.9260007699 -0.1464050674 0 -1.241329095 -6.938893904e-17 0 6.938893904e-17 -1.241329095 0 0 0 0.4029602709
