# exciton 0
0 0 0.1559197819 0 0 -0.08146083765 0.1559197819 -0.08146083765 0 0 0 0.08146083765 0 0 0.1559197819 0.08146083765 0.1559197819 0 -1.187127981 -7.806255642e-18 0 7.806255642e-18 -1.187127981 0 0 0 -1.027366939
# exciton 1
0 0 -0.04499843552 0 0 -0.1380818319 -0.04499843552 -0.1380818319 0 0 0 0.1380818319 0 0 -0.04499843552 0.1380818319 -0.04499843552 0 1.262811033 -5.551115123e-17 0 5.551115123e-17 1.262811033 0 0 0 1.633831244
# exciton 2
0 0 -0.1887148611 0 0 -0.06300571987 -0.1887148611 -0.06300571987 0 0 0 0.06300571987 0 0 -0.1887148611 0.06300571987 -0.1887148611 0 0.02544684561 -6.938893904e-18 0 6.938893904e-18 0.02544684561 0 0 0 0.2698762924
# exciton 3
0 0 0.5140570393 0 0 -0.7849243433 0.5140570393 -0.7849243433 0 0 0 0.7849243433 0 0 0.5140570393 0.7849243433 0.5140570393 0 1.369924892 -5.551115123e-17 0 5.551115123e-17 1.369924892 0 0 0 -1.776394382
# exciton 4
0 0 0.7562582022 0 0 1.092679418 0.7562582022 1.092679418 0 0 0 -1.092679418 0 0 0.7562582022 -1.092679418 0.7562582022 0 0.1256046947 1.387778781e-17 0 -1.387778781e-17 0.1256046947 0 0 0 0.3314124727
