# exciton 0
0 0 0.01550373591 0 0 -0.1625209657 0.01550373591 -0.1625209657 0 0 0 0.1625209657 0 0 0.01550373591 0.1625209657 0.01550373591 0 0.07480010214 4.33680869e-18 0 -4.33680869e-18 0.07480010214 0 0 0 0.08849630157
# exciton 1
0 0 0.2643327035 0 0 -0.03154546772 0.2643327035 -0.03154546772 0 0 0 0.03154546772 0 0 0.2643327035 0.03154546772 0.2643327035 0 -0.9384793042 1.387778781e-17 0 -1.387778781e-17 -0.9384793042 0 0 0 -1.03719876
# exciton 2
0 0 -0.3391627814 0 0 -0.6211534767 -0.3391627814 -0.6211534767 0 0 0 0.6211534767 0 0 -0.3391627814 0.6211534767 -0.3391627814 0 0.1840369834 2.428612866e-17 0 -2.428612866e-17 0.1840369834 0 0 0 0.3472173797
# exciton 3
0 0 -0.2124691553 0 0 0.3849969495 -0.2124691553 0.3849969495 0 0 0 -0.3849969495 0 0 -0.2124691553 -0.3849969495 -0.2124691553 0 -0.5903631991 0 0 0 -0.5903631991 0 0 0 0.03232781878
# exciton 4
0 0 -0.5444461421 0 0 0.7379611537 -0.5444461421 0.7379611537 0 0 0 -0.7379611537 0 0 -0.5444461421 -0.7379611537 -0.5444461421 0 0.7273668017 -3.469446952e-17 0 3.469446952e-17 0.7273668017 0 0 0 -0.6904053532
