# exciton 0
0 0 -0.1794987843 0 0 -0.08816440968 -0.1794987843 -0.08816440968 0 0 0 0.08816440968 0 0 -0.1794987843 0.08816440968 -0.1794987843 0 1.160296954 2.602085214e-18 0 -2.602085214e-18 1.160296954 0 0 0 1.069151062
# exciton 1
0 0 0.03239962567 0 0 -0.09411990972 0.03239962567 -0.09411990972 0 0 0 0.09411990972 0 0 0.03239962567 0.09411990972 0.03239962567 0 -1.391114199 -8.326672685e-17 0 8.326672685e-17 -1.391114199 0 0 0 -1.504864126
# exciton 2
0 0 0.3274785452 0 0 -0.08064149399 0.3274785452 -0.08064149399 0 0 0 0.08064149399 0 0 0.3274785452 0.08064149399 0.3274785452 0 -0.07312886695 -3.469446952e-17 0 3.469446952e-17 -0.07312886695 0 0 0 -0.5788226272
# exciton 3
0 0 -0.391742037 0 0 -0.9363772037 -0.391742037 -0.9363772037 0 0 0 0.9363772037 0 0 -0.391742037 0.9363772037 -0.391742037 0 -1.028717892 -2.775557562e-17 0 2.775557562e-17 -1.028717892 0 0 0 1.070859487
# exciton 4
0 0 -0.6978534889 0 0 1.163664983 -0.6978534889 1.163664983 0 0 0 -1.163664983 0 0 -0.6978534889 -1.163664983 -0.6978534889 0 -0.06230982682 -1.387778781e-17 0 1.387778781e-17 -0.06230982682 0 0 0 -0.2161613777
