# exciton 0
0 0 0.05144713556 0 0 -0.0390703298 0.05144713556 -0.0390703298 0 0 0 0.0390703298 0 0 0.05144713556 0.0390703298 0.05144713556 0 -0.07305595758 2.602085214e-18 0 -2.602085214e-18 -0.07305595758 0 0 0 -0.07178033759
# exciton 1
0 0 0.006503465721 0 0 0.3896958918 0.006503465721 0.3896958918 0 0 0 -0.3896958918 0 0 0.006503465721 -0.3896958918 0.006503465721 0 -0.5981507879 5.551115123e-17 0 -5.551115123e-17 -0.5981507879 0 0 0 -0.6252381072
# exciton 2
0 0 -0.444201354 0 0 -0.4979132707 -0.444201354 -0.4979132707 0 0 0 0.4979132707 0 0 -0.444201354 0.4979132707 -0.444201354 0 0.7048273831 6.245004514e-17 0 -6.245004514e-17 0.7048273831 0 0 0 0.65341211
# exciton 3
0 0 -0.09422256215 0 0 0.8328295834 -0.09422256215 0.8328295834 0 0 0 -0.8328295834 0 0 -0.09422256215 -0.8328295834 -0.09422256215 0 -1.054232775 -2.775557562e-17 0 2.775557562e-17 -1.054232775 0 0 0 1.204831076
# exciton 4
0 0 -1.099366744 0 0 -0.224652571 -1.099366744 -0.224652571 0 0 0 0.224652571 0 0 -1.099366744 0.224652571 -1.099366744 0 0.03170780587 -1.387778781e-17 0 1.387778781e-17 0.03170780587 0 0 0 -0.02614189028
