# exciton 0
0 0 -0.242445206 0 0 0.01345792933 -0.242445206 0.01345792933 0 0 0 -0.01345792933 0 0 -0.242445206 -0.01345792933 -0.242445206 0 1.176256993 -2.905661822e-17 0 3.252606517e-17 1.176256993 0 0 0 1.193172986
# exciton 1
0 0 -0.1451961924 0 0 0.3199776115 -0.1451961924 0.3199776115 0 0 0 -0.3199776115 0 0 -0.1451961924 -0.3199776115 -0.1451961924 0 -1.63576095 -1.09287579e-16 0 1.231653668e-16 -1.63576095 0 0 0 -0.7439477083
# exciton 2
0 0 0.5163675616 0 0 0.1002206999 0.5163675616 0.1002206999 0 0 0 -0.1002206999 0 0 0.5163675616 -0.1002206999 0.5163675616 0 -0.720279305 -7.112366252e-17 0 5.724587471e-17 -0.720279305 0 0 0 -0.9348806195
# exciton 3
0 0 0.01750005328 0 0 -1.137428468 0.01750005328 -1.137428468 0 0 0 1.137428468 0 0 0.01750005328 1.137428468 0.01750005328 0 0.18540434 1.040834086e-17 0 -1.040834086e-17 0.18540434 0 0 0 -1.102522416
# exciton 4
0 0 -0.2640457059 0 0 0.4409414276 -0.2640457059 0.4409414276 0 0 0 -0.4409414276 0 0 -0.2640457059 -0.4409414276 -0.2640457059 0 -0.0169098554 8.67361738e-18 0 -1.908195824e-17 -0.0169098554 0 0 0 0.1875406418
