# exciton 0
0 0 0.1907063408 0 0 -0.1210786409 0.1907063408 -0.1210786409 0 0 0 0.1210786409 0 0 0.1907063408 0.1210786409 0.1907063408 0 -1.016452909 7.806255642e-18 0 -7.806255642e-18 -1.016452909 0 0 0 -0.8943835231
# exciton 1
0 0 0.5514840229 0 0 0.00714114979 0.5514840229 0.00714114979 0 0 0 -0.00714114979 0 0 0.5514840229 -0.00714114979 0.5514840229 0 -0.08037537334 0 0 0 -0.08037537334 0 0 0 -0.3122488404
# exciton 2
0 0 -0.329975369 0 0 -0.1821748154 -0.329975369 -0.1821748154 0 0 0 0.1821748154 0 0 -0.329975369 0.1821748154 -0.329975369 0 0.5400851945 0 0 0 0.5400851945 0 0 0 0.03567016929
# exciton 3
0 0 -0.192175942 0 0 0.4852400311 -0.192175942 0.4852400311 0 0 0 -0.4852400311 0 0 -0.192175942 -0.4852400311 -0.192175942 0 0.2100855682 8.326672685e-17 0 -8.326672685e-17 0.2100855682 0 0 0 -1.239481263
# exciton 4
0 0 0.4362274847 0 0 -0.5506596815 0.4362274847 -0.5506596815 0 0 0 0.5506596815 0 0 0.4362274847 0.5506596815 0.4362274847 0 1.750175177 -4.163336342e-17 0 4.163336342e-17 1.750175177 0 0 0 -1.622994884
