# exciton 0
0 0 -0.04778101095 0 0 -0.08600599772 -0.04778101095 -0.08600599772 0 0 0 0.08600599772 0 0 -0.04778101095 0.08600599772 -0.04778101095 0 0.05417026069 -4.33680869e-18 0 4.33680869e-18 0.05417026069 0 0 0 0.09469179484
# exciton 1
0 0 -0.2292735819 0 0 -0.5312210325 -0.2292735819 -0.5312210325 0 0 0 0.5312210325 0 0 -0.2292735819 0.5312210325 -0.2292735819 0 1.256471917 -1.387778781e-17 0 1.387778781e-17 1.256471917 0 0 0 0.1917600779
# exciton 2
0 0 -0.03438661704 0 0 -0.2860567295 -0.03438661704 -0.2860567295 0 0 0 0.2860567295 0 0 -0.03438661704 0.2860567295 -0.03438661704 0 0.4739256119 -8.326672685e-17 0 8.326672685e-17 0.4739256119 0 0 0 0.5225251902
# exciton 3
0 0 -0.233575923 0 0 0.07724863005 -0.233575923 0.07724863005 0 0 0 -0.07724863005 0 0 -0.233575923 -0.07724863005 -0.233575923 0 -1.141035582 0 0 0 -1.141035582 0 0 0 3.274293986
# exciton 4
0 0 0.07084306235 0 0 1.020507752 0.07084306235 1.020507752 0 0 0 -1.020507752 0 0 0.07084306235 -1.020507752 0.07084306235 0 -0.9639772237 1.665334537e-16 0 -1.665334537e-16 -0.9639772237 0 0 0 -0.03501467425
