# exciton 0
0 0 0.1769142644 0 0 -0.1112386293 0.1769142644 -0.1112386293 0 0 0 0.1112386293 0 0 0.1769142644 0.1112386293 0.1769142644 0 -1.028122377 2.602085214e-18 0 -2.602085214e-18 -1.028122377 0 0 0 -0.8632918177
# exciton 1
0 0 0.4907353521 0 0 0.1483726046 0.4907353521 0.1483726046 0 0 0 -0.1483726046 0 0 0.4907353521 -0.1483726046 0.4907353521 0 -0.06560338905 1.387778781e-17 0 -1.387778781e-17 -0.06560338905 0 0 0 -0.258482229
# exciton 2
0 0 -0.3038139314 0 0 -0.204431453 -0.3038139314 -0.204431453 0 0 0 0.204431453 0 0 -0.3038139314 0.204431453 -0.3038139314 0 0.6879404237 2.775557562e-17 0 -2.775557562e-17 0.6879404237 0 0 0 0.003854567903
# exciton 3
0 0 -0.1373223706 0 0 0.5074945393 -0.1373223706 0.5074945393 0 0 0 -0.5074945393 0 0 -0.1373223706 -0.5074945393 -0.1373223706 0 0.1220675348 2.775557562e-17 0 -2.775557562e-17 0.1220675348 0 0 0 -1.048354104
# exciton 4
0 0 0.3065411454 0 0 -0.6897285633 0.3065411454 -0.6897285633 0 0 0 0.6897285633 0 0 0.3065411454 0.6897285633 0.3065411454 0 1.617297016 -6.938893904e-17 0 6.938893904e-17 1.617297016 0 0 0 -1.515088953
