# exciton 0
0 0 -0.1581404113 0 0 -0.08633250894 -0.1581404113 -0.08633250894 0 0 0 0.08633250894 0 0 -0.1581404113 0.08633250894 -0.1581404113 0 0.9540765265 -4.770489559e-18 0 4.770489559e-18 0.9540765265 0 0 0 0.7756591797
# exciton 1
0 0 -0.3746227305 0 0 0.3954017859 -0.3746227305 0.3954017859 0 0 0 -0.3954017859 0 0 -0.3746227305 -0.3954017859 -0.3746227305 0 0.07306284717 -2.775557562e-17 0 2.775557562e-17 0.07306284717 0 0 0 0.2380827184
# exciton 2
0 0 0.246730348 0 0 -0.2765101849 0.246730348 -0.2765101849 0 0 0 0.2765101849 0 0 0.246730348 0.2765101849 0.246730348 0 -0.9396164517 2.775557562e-17 0 -2.775557562e-17 -0.9396164517 0 0 0 0.04912142887
# exciton 3
0 0 -0.00207569574 0 0 0.5938666374 -0.00207569574 0.5938666374 0 0 0 -0.5938666374 0 0 -0.00207569574 -0.5938666374 -0.00207569574 0 0.052845846 -9.714451465e-17 0 9.714451465e-17 0.052845846 0 0 0 0.6842630225
# exciton 4
0 0 0.02067761958 0 0 -0.8653419562 0.02067761958 -0.8653419562 0 0 0 0.8653419562 0 0 0.02067761958 0.8653419562 0.02067761958 0 -1.270408302 -8.326672685e-17 0 8.326672685e-17 -1.270408302 0 0 0 1.19637005
