# exciton 0
0 0 -0.0730825998 0 0 -0.1428183409 -0.0730825998 -0.1428183409 0 0 0 0.1428183409 0 0 -0.0730825998 0.1428183409 -0.0730825998 0 0.1460372986 -3.903127821e-18 0 4.33680869e-19 0.1460372986 0 0 0 0.159805478
# exciton 1
0 0 -0.3150483095 0 0 0.1218020361 -0.3150483095 0.1218020361 0 0 0 -0.1218020361 0 0 -0.3150483095 -0.1218020361 -0.3150483095 0 0.6853487332 2.081668171e-17 0 -2.081668171e-17 0.6853487332 0 0 0 0.9581574248
# exciton 2
0 0 0.3967974111 0 0 -0.6084727288 0.3967974111 -0.6084727288 0 0 0 0.6084727288 0 0 0.3967974111 0.6084727288 0.3967974111 0 -0.3908280575 2.775557562e-17 0 -2.775557562e-17 -0.3908280575 0 0 0 -0.4171636057
# exciton 3
0 0 0.1595644006 0 0 0.6204126206 0.1595644006 0.6204126206 0 0 0 -0.6204126206 0 0 0.1595644006 -0.6204126206 0.1595644006 0 0.5761733555 -1.387778781e-17 0 1.387778781e-17 0.5761733555 0 0 0 -0.06796738895
# exciton 4
0 0 0.4786340597 0 0 0.2785913516 0.4786340597 0.2785913516 0 0 0 -0.2785913516 0 0 0.4786340597 -0.2785913516 0.4786340597 0 -0.8323446379 -4.163336342e-17 0 4.163336342e-17 -0.8323446379 0 0 0 0.8551667164
