# exciton 0
0 0 -0.1111647131 0 0 0.08526239368 -0.1111647131 0.08526239368 0 0 0 -0.08526239368 0 0 -0.1111647131 -0.08526239368 -0.1111647131 0 0.4275391554 -2.51534904e-17 0 2.51534904e-17 0.4275391554 0 0 0 0.4066921379
# exciton 1
0 0 0.1379379976 0 0 0.7307275783 0.1379379976 0.7307275783 0 0 0 -0.7307275783 0 0 0.1379379976 -0.7307275783 0.1379379976 0 0.07767117553 1.387778781e-17 0 -1.387778781e-17 0.07767117553 0 0 0 0.04818585553
# exciton 2
0 0 0.1656040622 0 0 -0.263629957 0.1656040622 -0.263629957 0 0 0 0.263629957 0 0 0.1656040622 0.263629957 0.1656040622 0 -1.407426873 2.775557562e-17 0 -2.775557562e-17 -1.407426873 0 0 0 -0.1324335734
# exciton 3
0 0 -0.7215525426 0 0 0.8408501755 -0.7215525426 0.8408501755 0 0 0 -0.8408501755 0 0 -0.7215525426 -0.8408501755 -0.7215525426 0 0.3959805092 -1.665334537e-16 0 1.665334537e-16 0.3959805092 0 0 0 -0.2611970819
# exciton 4
0 0 1.04965745 0 0 -1.011590085 1.04965745 -1.011590085 0 0 0 1.011590085 0 0 1.04965745 1.011590085 1.04965745 0 0.1542916013 4.163336342e-17 0 -4.163336342e-17 0.1542916013 0 0 0 -0.03141930343
