# exciton 0
0 0 -0.09827249253 0 0 0.003645569929 -0.09827249253 0.003645569929 0 0 0 -0.003645569929 0 0 -0.09827249253 -0.003645569929 -0.09827249253 0 1.504927725 2.775557562e-17 0 -2.081668171e-17 1.504927725 0 0 0 1.02146916
# exciton 1
0 0 -0.04734084167 0 0 -0.3488405203 -0.04734084167 -0.3488405203 0 0 0 0.3488405203 0 0 -0.04734084167 0.3488405203 -0.04734084167 0 -0.7936110653 -2.775557562e-17 0 5.551115123e-17 -0.7936110653 0 0 0 -1.815611954
# exciton 2
0 0 0.03729739438 0 0 0.3285215907 0.03729739438 0.3285215907 0 0 0 -0.3285215907 0 0 0.03729739438 -0.3285215907 0.03729739438 0 0.03555575354 -2.081668171e-17 0 -6.938893904e-18 0.03555575354 0 0 0 0.2831118255
# exciton 3
0 0 0.254939062 0 0 -0.5063412629 0.254939062 -0.5063412629 0 0 0 0.5063412629 0 0 0.254939062 0.5063412629 0.254939062 0 -1.183418666 -5.551115123e-17 0 5.551115123e-17 -1.183418666 0 0 0 1.770282464
# exciton 4
0 0 -0.2713157392 0 0 0.4483043448 -0.2713157392 0.4483043448 0 0 0 -0.4483043448 0 0 -0.2713157392 -0.4483043448 -0.2713157392 0 -0.08311292142 8.326672685e-17 0 -8.326672685e-17 -0.08311292142 0 0 0 -1.505366367
