# exciton 0
0 0 -0.09948574033 0 0 -0.09456096174 -0.09948574033 -0.09456096174 0 0 0 0.09456096174 0 0 -0.09948574033 0.09456096174 -0.09948574033 0 0.3088555373 -9.974659987e-18 0 6.505213035e-18 0.3088555373 0 0 0 0.304611065
# exciton 1
0 0 -0.2426365053 0 0 0.3486420505 -0.2426365053 0.3486420505 0 0 0 -0.3486420505 0 0 -0.2426365053 -0.3486420505 -0.2426365053 0 0.4846494267 1.387778781e-17 0 -1.387778781e-17 0.4846494267 0 0 0 0.7401056539
# exciton 2
0 0 0.3842495741 0 0 -0.5468481078 0.3842495741 -0.5468481078 0 0 0 0.5468481078 0 0 0.3842495741 0.5468481078 0.3842495741 0 -0.6888414018 4.510281038e-17 0 -3.122502257e-17 -0.6888414018 0 0 0 -0.3984373482
# exciton 3
0 0 0.08037770608 0 0 0.7851843559 0.08037770608 0.7851843559 0 0 0 -0.7851843559 0 0 0.08037770608 -0.7851843559 0.08037770608 0 0.6587183142 0 0 0 0.6587183142 0 0 0 -0.345212889
# exciton 4
0 0 0.6379856397 0 0 -0.2335338241 0.6379856397 -0.2335338241 0 0 0 0.2335338241 0 0 0.6379856397 0.2335338241 0.6379856397 0 -0.6378720293 -5.551115123e-17 0 5.551115123e-17 -0.6378720293 0 0 0 0.6394055392
