# exciton 0
0 0 0.08199893509 0 0 0.01909611615 0.08199893509 0.01909611615 0 0 0 -0.01909611615 0 0 0.08199893509 -0.01909611615 0.08199893509 0 -1.717675122 2.775557562e-17 0 -2.775557562e-17 -1.717675122 0 0 0 -1.054871304
# exciton 1
0 0 0.08422371636 0 0 -0.4723904858 0.08422371636 -0.4723904858 0 0 0 0.4723904858 0 0 0.08422371636 0.4723904858 0.08422371636 0 0.4578233422 0 0 0 0.4578233422 0 0 0 1.803022835
# exciton 2
0 0 -0.2328608795 0 0 0.56645755 -0.2328608795 0.56645755 0 0 0 -0.56645755 0 0 -0.2328608795 -0.56645755 -0.2328608795 0 -0.02425263408 -2.775557562e-17 0 2.775557562e-17 -0.02425263408 0 0 0 -0.0718120285
# exciton 3
0 0 -1.158477429 0 0 -0.4610509197 -1.158477429 -0.4610509197 0 0 0 0.4610509197 0 0 -1.158477429 0.4610509197 -1.158477429 0 0.3279206161 -6.938893904e-18 0 6.938893904e-18 0.3279206161 0 0 0 -0.4310020861
# exciton 4
0 0 -0.2372293225 0 0 -0.05180705628 -0.2372293225 -0.05180705628 0 0 0 0.05180705628 0 0 -0.2372293225 0.05180705628 -0.2372293225 0 0.05103248841 5.377642776e-17 0 -5.377642776e-17 0.05103248841 0 0 0 2.100656349
