# exciton 0
0 0 -0.2044386007 0 0 0.1015839445 -0.2044386007 0.1015839445 0 0 0 -0.1015839445 0 0 -0.2044386007 -0.1015839445 -0.2044386007 0 0.9479598966 1.734723476e-17 0 -1.734723476e-17 0.9479598966 0 0 0 0.9948882048
# exciton 1
0 0 -0.6733568045 0 0 -0.6143738838 -0.6733568045 -0.6143738838 0 0 0 0.6143738838 0 0 -0.6733568045 0.6143738838 -0.6733568045 0 -0.4317576135 2.081668171e-17 0 -2.081668171e-17 -0.4317576135 0 0 0 -0.3297040493
# exciton 2
0 0 -0.2153182903 0 0 0.351434795 -0.2153182903 0.351434795 0 0 0 -0.351434795 0 0 -0.2153182903 -0.351434795 -0.2153182903 0 0.4229715579 0 0 0 0.4229715579 0 0 0 0.9006358578
# exciton 3
0 0 1.795281052 0 0 0.425850067 1.795281052 0.425850067 0 0 0 -0.425850067 0 0 1.795281052 -0.425850067 1.795281052 0 -0.04978397946 3.469446952e-18 0 -3.469446952e-18 -0.04978397946 0 0 0 0.05279907502
# exciton 4
0 0 0.03992206778 0 0 0.01340915542 0.03992206778 0.01340915542 0 0 0 -0.01340915542 0 0 0.03992206778 -0.01340915542 0.03992206778 0 -0.1627146176 2.237793284e-16 0 -2.237793284e-16 -0.1627146176 0 0 0 -2.067790976
