# exciton 0
0 0 -0.1421515932 0 0 -0.1563752344 -0.1421515932 -0.1563752344 0 0 0 0.1563752344 0 0 -0.1421515932 0.1563752344 -0.1421515932 0 0.4411301708 -5.854691731e-18 0 5.854691731e-18 0.4411301708 0 0 0 0.479416326
# exciton 1
0 0 -0.4934088077 0 0 0.04437992886 -0.4934088077 0.04437992886 0 0 0 -0.04437992886 0 0 -0.4934088077 -0.04437992886 -0.4934088077 0 0.4686693166 -1.040834086e-17 0 1.040834086e-17 0.4686693166 0 0 0 0.8838556145
# exciton 2
0 0 0.357948824 0 0 -0.5296717458 0.357948824 -0.5296717458 0 0 0 0.5296717458 0 0 0.357948824 0.5296717458 0.357948824 0 -0.4120454813 3.122502257e-17 0 -3.122502257e-17 -0.4120454813 0 0 0 -0.2209441729
# exciton 3
0 0 -0.02324057172 0 0 0.6305009875 -0.02324057172 0.6305009875 0 0 0 -0.6305009875 0 0 -0.02324057172 -0.6305009875 -0.02324057172 0 0.02334269704 2.081668171e-17 0 -2.081668171e-17 0.02334269704 0 0 0 0.9997341947
# exciton 4
0 0 -0.05781616064 0 0 0.06805920334 -0.05781616064 0.06805920334 0 0 0 -0.06805920334 0 0 -0.05781616064 -0.06805920334 -0.05781616064 0 -1.428523843 -5.204170428e-17 0 5.204170428e-17 -1.428523843 0 0 0 1.525615974
