# exciton 0
0 0 -0.05382059422 0 0 -0.1818267818 -0.05382059422 -0.1818267818 0 0 0 0.1818267818 0 0 -0.05382059422 0.1818267818 -0.05382059422 0 0.0583335515 1.734723476e-18 0 -1.734723476e-18 0.0583335515 0 0 0 0.07840970353
# exciton 1
0 0 -0.3764597161 0 0 -0.2289300995 -0.3764597161 -0.2289300995 0 0 0 0.2289300995 0 0 -0.3764597161 0.2289300995 -0.3764597161 0 0.9577505287 -3.469446952e-18 0 3.469446952e-18 0.9577505287 0 0 0 0.9298509402
# exciton 2
0 0 0.2391442227 0 0 -0.5835829384 0.2391442227 -0.5835829384 0 0 0 0.5835829384 0 0 0.2391442227 0.5835829384 0.2391442227 0 -0.03586167243 8.67361738e-18 0 -1.734723476e-18 -0.03586167243 0 0 0 -0.05228213903
# exciton 3
0 0 -0.1457234649 0 0 0.2963679319 -0.1457234649 0.2963679319 0 0 0 -0.2963679319 0 0 -0.1457234649 -0.2963679319 -0.1457234649 0 -0.2196639198 -2.428612866e-17 0 2.428612866e-17 -0.2196639198 0 0 0 1.600065148
# exciton 4
0 0 0.07192586807 0 0 0.8875237737 0.07192586807 0.8875237737 0 0 0 -0.8875237737 0 0 0.07192586807 -0.8875237737 0.07192586807 0 -1.233618422 1.040834086e-17 0 -1.040834086e-17 -1.233618422 0 0 0 1.151760304
