1550 0.0008628599531
1551 0.0008797592415
1552 0.00089716202
1553 0.0009150885693
1554 0.0009335602049
1555 0.0009525993415
1556 0.0009722295624
1557 0.0009924756926
1558 0.001013363879
1559 0.001034921676
1560 0.001057178139
1561 0.001080163918
1562 0.001103911374
1563 0.001128454685
1564 0.001153829978
1565 0.00118007546
1566 0.001207231564
1567 0.001235341109
1568 0.001264449469
1569 0.00129460476
1570 0.001325858042
1571 0.001358263537
1572 0.001391878868
1573 0.00142676532
1574 0.00146298812
1575 0.001500616749
1576 0.001539725282
1577 0.001580392749
1578 0.001622703548
1579 0.001666747885
1580 0.001712622262
1581 0.001760430007
1582 0.00181028187
1583 0.001862296666
1584 0.001916601992
1585 0.001973335018
1586 0.002032643356
1587 0.002094686032
1588 0.002159634559
1589 0.002227674125
1590 0.00229900492
1591 0.002373843613
1592 0.002452424995
1593 0.002535003822
1594 0.002621856867
1595 0.00271328523
1596 0.002809616917
1597 0.002911209753
1598 0.003018454645
1599 0.003131779273
1600 0.003251652243
1601 0.003378587792
1602 0.003513151101
1603 0.00365596432
1604 0.003807713401
1605 0.003969155846
1606 0.004141129511
1607 0.004324562599
1608 0.004520485018
1609 0.00473004126
1610 0.004954504996
1611 0.005195295583
1612 0.005453996648
1613 0.005732376909
1614 0.006032413324
1615 0.006356316527
1616 0.006706558325
1617 0.00708590069
1618 0.007497425152
1619 0.007944560688
1620 0.00843110692
1621 0.008961247592
1622 0.009539546475
1623 0.01017091389
1624 0.01086052638
1625 0.01161367471
1626 0.01243550577
1627 0.01333061365
1628 0.01430242599
1629 0.01535232938
1630 0.01647849172
1631 0.01767438333
1632 0.01892708469
1633 0.02021559268
1634 0.02150946319
1635 0.0227681762
1636 0.02394152571
1637 0.02497121259
1638 0.02579395213
1639 0.02634698935
1640 0.02657740459
1641 0.02645566597
1642 0.02599082351
1643 0.02524120455
1644 0.02431394024
1645 0.0233508786
1646 0.02250480252
1647 0.02191367429
1648 0.02167987157
1649 0.02185796983
1650 0.02245134682
1651 0.02341596093
1652 0.02466915309
1653 0.02610205934
1654 0.02759544109
1655 0.02903884438
1656 0.03035081586
1657 0.03149450958
1658 0.03248169414
1659 0.03336142344
1660 0.03419606716
1661 0.03503267131
1662 0.03587885395
1663 0.03669043499
1664 0.03737490491
1665 0.03781116801
1666 0.03788097715
1667 0.03750197331
1668 0.03664998577
1669 0.0353625238
1670 0.03372442448
1671 0.03184422036
1672 0.02983132056
1673 0.02778035098
1674 0.02576397839
1675 0.02383229184
1676 0.02201588967
1677 0.02033032281
1678 0.01878046428
1679 0.0173641551
1680 0.01607496441
1681 0.01490414209
1682 0.01384192715
1683 0.01287838085
1684 0.01200388752
1685 0.01120943218
1686 0.01048673357
1687 0.009828286758
1688 0.009227351811
1689 0.008677912051
1690 0.008174617164
1691 0.007712720419
1692 0.007288015603
1693 0.006896776838
1694 0.006535702923
1695 0.006201866874
1696 0.005892670816
1697 0.005605806007
1698 0.005339217647
1699 0.005091074032
1700 0.00485973957
1701 0.004643751243
1702 0.004441798063
1703 0.004252703167
1704 0.004075408191
1705 0.003908959635
1706 0.003752496952
1707 0.003605242122
1708 0.003466490531
1709 0.003335602965
1710 0.003211998579
1711 0.003095148713
1712 0.002984571442
1713 0.002879826768
1714 0.002780512364
1715 0.00268625981
1716 0.002596731253
1717 0.002511616441
1718 0.002430630078
1719 0.002353509475
1720 0.002280012445
1721 0.002209915421
1722 0.00214301178
1723 0.002079110326
1724 0.002018033939
1725 0.001959618352
1726 0.001903711051
1727 0.001850170286
1728 0.001798864174
1729 0.001749669886
1730 0.001702472917
1731 0.001657166415
1732 0.00161365058
1733 0.001571832113
1734 0.001531623713
1735 0.001492943624
1736 0.001455715216
1737 0.001419866604
1738 0.001385330302
1739 0.001352042903
1740 0.001319944785
1741 0.001288979848
1742 0.001259095263
1743 0.001230241245
1744 0.001202370851
1745 0.001175439781
1746 0.001149406204
1747 0.001124230596
1748 0.001099875587
1749 0.001076305822
1750 0.001053487833
1751 0.001031389917
1752 0.001009982028
1753 0.0009892356726
1754 0.0009691238163
1755 0.0009496207922
1756 0.0009307022207
1757 0.0009123449318
1758 0.0008945268943
1759 0.0008772271488
1760 0.0008604257461
1761 0.0008441036888
1762 0.0008282428778
1763 0.0008128260612
1764 0.0007978367877
1765 0.0007832593617
1766 0.0007690788028
1767 0.0007552808062
1768 0.0007418517071
1769 0.000728778446
1770 0.0007160485375
1771 0.0007036500394
1772 0.0006915715254
1773 0.0006798020577
1774 0.000668331163
1775 0.0006571488084
1776 0.0006462453794
1777 0.0006356116594
1778 0.0006252388099
1779 0.0006151183519
1780 0.0006052421488
1781 0.0005956023895
1782 0.0005861915733
1783 0.0005770024949
1784 0.0005680282307
1785 0.0005592621256
1786 0.0005506977805
1787 0.0005423290408
1788 0.0005341499851
1789 0.0005261549147
1790 0.0005183383434
1791 0.0005106949885
1792 0.0005032197616
1793 0.0004959077596
1794 0.0004887542577
1795 0.0004817547005
1796 0.0004749046956
1797 0.0004682000064
1798 0.0004616365451
1799 0.0004552103673
1800 0.0004489176651
