1550 2.253936209e-06
1551 2.234324729e-06
1552 2.213320439e-06
1553 2.190880703e-06
1554 2.166963819e-06
1555 2.141529423e-06
1556 2.114538958e-06
1557 2.085956225e-06
1558 2.055748011e-06
1559 2.02388483e-06
1560 1.990341764e-06
1561 1.95509945e-06
1562 1.918145208e-06
1563 1.879474347e-06
1564 1.83909167e-06
1565 1.797013208e-06
1566 1.753268212e-06
1567 1.707901461e-06
1568 1.660975903e-06
1569 1.612575713e-06
1570 1.562809803e-06
1571 1.511815875e-06
1572 1.459765091e-06
1573 1.406867458e-06
1574 1.353378041e-06
1575 1.299604141e-06
1576 1.245913579e-06
1577 1.192744286e-06
1578 1.140615389e-06
1579 1.090140058e-06
1580 1.042040398e-06
1581 9.971647287e-07
1582 9.565076607e-07
1583 9.212334482e-07
1584 8.927031819e-07
1585 8.725064982e-07
1586 8.624986052e-07
1587 8.648435764e-07
1588 8.820650532e-07
1589 9.171057133e-07
1590 9.733971386e-07
1591 1.054942039e-06
1592 1.166411193e-06
1593 1.313257951e-06
1594 1.501853736e-06
1595 1.739648736e-06
1596 2.035362842e-06
1597 2.39921303e-06
1598 2.84318475e-06
1599 3.381356571e-06
1600 4.030289485e-06
1601 4.809494869e-06
1602 5.741998452e-06
1603 6.855021727e-06
1604 8.180807486e-06
1605 9.757622688e-06
1606 1.163098014e-05
1607 1.385513097e-05
1608 1.649489308e-05
1609 1.962789777e-05
1610 2.334735785e-05
1611 2.776548822e-05
1612 3.301774402e-05
1613 3.926808561e-05
1614 4.671553494e-05
1615 5.560235726e-05
1616 6.622428865e-05
1617 7.894333566e-05
1618 9.420379976e-05
1619 0.0001125523254
1620 0.0001346629286
1621 0.0001613681134
1622 0.0001936972905
1623 0.0002329236943
1624 0.0002806207295
1625 0.0003387279324
1626 0.0004096251759
1627 0.0004962108885
1628 0.000601975322
1629 0.0007310528234
1630 0.0008882277959
1631 0.001078859257
1632 0.001308682889
1633 0.001583453954
1634 0.00190841469
1635 0.002287600339
1636 0.002723014167
1637 0.003213674982
1638 0.003754493439
1639 0.004334990744
1640 0.004938181451
1641 0.005540419579
1642 0.006113199546
1643 0.006627312628
1644 0.007058499702
1645 0.007392703333
1646 0.007629075684
1647 0.007779957939
1648 0.007868234139
1649 0.007923108616
1650 0.007975470732
1651 0.00805384611
1652 0.008181567492
1653 0.008375273066
1654 0.008644382288
1655 0.008991059614
1656 0.009410348192
1657 0.009890379448
1658 0.01041261059
1659 0.01095195459
1660 0.01147671757
1661 0.01194864034
1662 0.01232391801
1663 0.01255641136
1664 0.01260385562
1665 0.01243646745
1666 0.01204539424
1667 0.01144726623
1668 0.01068210257
1669 0.00980488998
1670 0.008874235195
1671 0.007942369443
1672 0.007049216302
1673 0.006220837241
1674 0.005470960644
1675 0.004803926416
1676 0.004217787033
1677 0.003706905652
1678 0.003263852804
1679 0.002880654592
1680 0.00254953862
1681 0.002263330733
1682 0.002015627708
1683 0.001800836209
1684 0.001614138209
1685 0.001451420626
1686 0.00130919159
1687 0.001184495875
1688 0.001074835928
1689 0.0009781013047
1690 0.0008925073375
1691 0.0008165427187
1692 0.0007489252233
1693 0.0006885645708
1694 0.0006345314158
1695 0.0005860315206
1696 0.0005423842702
1697 0.0005030047993
1698 0.0004673891154
1699 0.0004351017015
1700 0.0004057651668
1701 0.0003790515915
1702 0.0003546752727
1703 0.0003323866299
1704 0.0003119670735
1705 0.000293224672
1706 0.0002759904854
1707 0.000260115454
1708 0.0002454677511
1709 0.0002319305266
1710 0.0002193999761
1711 0.0002077836871
1712 0.0001969992172
1713 0.0001869728701
1714 0.0001776386381
1715 0.0001689372874
1716 0.0001608155648
1717 0.0001532255075
1718 0.0001461238426
1719 0.0001394714622
1720 0.0001332329642
1721 0.0001273762503
1722 0.0001218721725
1723 0.0001166942214
1724 0.0001118182528
1725 0.0001072222448
1726 0.0001028860835
1727 9.87913729e-05
1728 9.492126621e-05
1729 9.126031553e-05
1730 8.779433814e-05
1731 8.451029709e-05
1732 8.139619451e-05
1733 7.844097613e-05
1734 7.563444561e-05
1735 7.296718771e-05
1736 7.043049921e-05
1737 6.801632669e-05
1738 6.571721049e-05
1739 6.352623408e-05
1740 6.143697833e-05
1741 5.944348017e-05
1742 5.754019503e-05
1743 5.572196289e-05
1744 5.398397737e-05
1745 5.232175767e-05
1746 5.073112301e-05
1747 4.920816931e-05
1748 4.774924803e-05
1749 4.635094669e-05
1750 4.501007122e-05
1751 4.37236297e-05
1752 4.24888175e-05
1753 4.130300371e-05
1754 4.016371859e-05
1755 3.906864215e-05
1756 3.801559356e-05
1757 3.700252146e-05
1758 3.602749504e-05
1759 3.508869579e-05
1760 3.418440988e-05
1761 3.331302119e-05
1762 3.24730048e-05
1763 3.166292101e-05
1764 3.088140979e-05
1765 3.012718565e-05
1766 2.939903288e-05
1767 2.869580113e-05
1768 2.801640134e-05
1769 2.735980189e-05
1770 2.672502512e-05
1771 2.6111144e-05
1772 2.551727909e-05
1773 2.494259568e-05
1774 2.438630114e-05
1775 2.384764247e-05
1776 2.332590394e-05
1777 2.282040496e-05
1778 2.233049808e-05
1779 2.185556709e-05
1780 2.139502525e-05
1781 2.094831366e-05
1782 2.051489972e-05
1783 2.009427567e-05
1784 1.968595724e-05
1785 1.928948237e-05
1786 1.890441005e-05
1787 1.853031917e-05
1788 1.816680748e-05
1789 1.781349059e-05
1790 1.747000106e-05
1791 1.713598753e-05
1792 1.681111387e-05
1793 1.649505843e-05
1794 1.618751329e-05
1795 1.588818359e-05
1796 1.559678689e-05
1797 1.531305252e-05
1798 1.503672106e-05
1799 1.476754374e-05
1800 1.450528195e-05
