# freq   SSP(yyz)   PPP(zzz)
1550 7.224701068e-07 0.0004031390166
1551 7.1095709e-07 0.0004107278439
1552 6.988265164e-07 0.0004185318002
1553 6.86072393e-07 0.000426559038
1554 6.726915323e-07 0.0004348180965
1555 6.586840983e-07 0.0004433179234
1556 6.440542359e-07 0.0004520678982
1557 6.288107984e-07 0.0004610778577
1558 6.129681852e-07 0.0004703581224
1559 5.965473095e-07 0.0004799195247
1560 5.795767129e-07 0.0004897734401
1561 5.62093853e-07 0.000499931819
1562 5.441465865e-07 0.0005104072219
1563 5.257948832e-07 0.0005212128568
1564 5.07112802e-07 0.0005323626187
1565 4.881907754e-07 0.0005438711327
1566 4.691382475e-07 0.0005557537999
1567 4.500867242e-07 0.0005680268465
1568 4.31193303e-07 0.0005807073766
1569 4.12644758e-07 0.000593813429
1570 3.946622747e-07 0.0006073640384
1571 3.7750694e-07 0.0006213793007
1572 3.614861154e-07 0.0006358804441
1573 3.469608415e-07 0.0006508899048
1574 3.343544523e-07 0.0006664314094
1575 3.241626051e-07 0.0006825300633
1576 3.16964976e-07 0.0006992124461
1577 3.134389116e-07 0.000716506715
1578 3.143753888e-07 0.0007344427166
1579 3.206976959e-07 0.0007530521074
1580 3.334833331e-07 0.0007723684848
1581 3.539897261e-07 0.000792427529
1582 3.836844643e-07 0.0008132671568
1583 4.242809212e-07 0.000834927689
1584 4.777802859e-07 0.0008574520319
1585 5.465212509e-07 0.0008808858753
1586 6.332388624e-07 0.0009052779085
1587 7.411343584e-07 0.0009306800551
1588 8.73958216e-07 0.0009571477304
1589 1.036109115e-06 0.0009847401232
1590 1.23275213e-06 0.001013520504
1591 1.469960205e-06 0.001043556565
1592 1.754883901e-06 0.001074920792
1593 2.095955566e-06 0.001107690878
1594 2.503135528e-06 0.001141950177
1595 2.988209743e-06 0.001177788213
1596 3.565150631e-06 0.001215301242
1597 4.250555739e-06 0.001254592882
1598 5.06418257e-06 0.001295774824
1599 6.029602611e-06 0.001338967632
1600 7.175003596e-06 0.001384301656
1601 8.534176742e-06 0.001431918071
1602 1.014773557e-05 0.001481970085
1603 1.206462571e-05 0.001534624341
1604 1.434400164e-05 0.001590062562
1605 1.705756766e-05 0.001648483519
1606 2.029250864e-05 0.001710105384
1607 2.415517232e-05 0.001775168607
1608 2.877571327e-05 0.001843939463
1609 3.431397123e-05 0.001916714491
1610 4.096693978e-05 0.001993826124
1611 4.897829047e-05 0.002075649919
1612 5.865056163e-05 0.002162613981
1613 7.036081094e-05 0.002255211385
1614 8.458078038e-05 0.002354016738
1615 0.0001019029483 0.002459708522
1616 0.0001230742661 0.002573099494
1617 0.0001490399186 0.002695178425
1618 0.0001810001231 0.0028271678
1619 0.0002204838031 0.002970604028
1620 0.0002694439018 0.003127449409
1621 0.0003303800463 0.003300248696
1622 0.000406494978 0.003492347916
1623 0.0005018911116 0.003708199019
1624 0.0006218117496 0.00395378059
1625 0.0007729260164 0.004237170541
1626 0.0009636443504 0.004569307688
1627 0.001204427518 0.004964967032
1628 0.001508009954 0.005443933224
1629 0.001889390934 0.006032262465
1630 0.002365353123 0.006763340072
1631 0.002953163904 0.007678136765
1632 0.003668056911 0.008823652167
1633 0.004519197442 0.01024814336
1634 0.0055042722 0.01199172856
1635 0.006603712905 0.01407191224
1636 0.007776660348 0.01646596833
1637 0.008961387934 0.01909553773
1638 0.01008207469 0.0218213455
1639 0.01106127782 0.02445494212
1640 0.01183442252 0.02678868516
1641 0.01236115792 0.02863695196
1642 0.0126296042 0.02987516013
1643 0.01265259161 0.03046238947
1644 0.01245830681 0.03043959317
1645 0.01207983961 0.02990622299
1646 0.01154804407 0.02898755165
1647 0.01088986789 0.02780700531
1648 0.01013107278 0.02647165239
1649 0.009299982675 0.02506987075
1650 0.008428915572 0.0236745261
1651 0.007552062261 0.02234530918
1652 0.006701093695 0.02112805321
1653 0.005900939493 0.02005281811
1654 0.005167565351 0.01913374856
1655 0.004508142926 0.01837236086
1656 0.003922895874 0.01776359051
1657 0.003407559353 0.01730211839
1658 0.002955613607 0.01698606037
1659 0.002559883418 0.01681622697
1660 0.00221347408 0.01679117019
1661 0.001910221628 0.01689998542
1662 0.001644865784 0.01711562842
1663 0.001413079594 0.01739148206
1664 0.001211399294 0.01766339133
1665 0.001037051529 0.01785817093
1666 0.0008876890214 0.01790727731
1667 0.0007610959629 0.01776149041
1668 0.0006549602397 0.01740100341
1669 0.0005667890881 0.01683699721
1670 0.0004939746956 0.01610488393
1671 0.000433948305 0.01525304618
1672 0.0003843403897 0.01433177977
1673 0.000343090122 0.01338550496
1674 0.0003084881437 0.01244897703
1675 0.0002791654636 0.01154666154
1676 0.0002540511367 0.01069395569
1677 0.0002323185378 0.009899140251
1678 0.0002133328375 0.00916536531
1679 0.0001966057229 0.008492339989
1680 0.0001817590944 0.007877630861
1681 0.0001684972126 0.007317593077
1682 0.0001565858942 0.006808003259
1683 0.0001458372013 0.006344469422
1684 0.0001360982492 0.005922683054
1685 0.0001272430276 0.005538563919
1686 0.0001191664 0.0051883344
1687 0.0001117796675 0.004868549077
1688 0.0001050072555 0.004576096959
1689 9.87842101e-05 0.004308187827
1690 9.305428078e-05 0.004062330135
1691 8.776843286e-05 0.003836305095
1692 8.288367714e-05 0.003628139824
1693 7.836213695e-05 0.003436081197
1694 7.41702951e-05 0.003258571331
1695 7.027837884e-05 0.00309422513
1696 6.665985207e-05 0.002941810043
1697 6.329099208e-05 0.002800228009
1698 6.01505336e-05 0.002668499468
1699 5.721936716e-05 0.002545749278
1700 5.448028172e-05 0.002431194346
