# freq   SSP(yyz)   PPP(zzz)
1550 1.615602023e-06 8.468773744e-05
1551 1.566861609e-06 8.641268177e-05
1552 1.516976848e-06 8.81914931e-05
1553 1.466043427e-06 9.002646243e-05
1554 1.414176861e-06 9.192000505e-05
1555 1.361515211e-06 9.387466875e-05
1556 1.308222137e-06 9.589314269e-05
1557 1.254490369e-06 9.797826703e-05
1558 1.200545626e-06 0.0001001330433
1559 1.146651051e-06 0.0001023606455
1560 1.093112238e-06 0.0001046644324
1561 1.040282931e-06 0.0001070479606
1562 9.885714796e-07 0.0001095149988
1563 9.384481756e-07 0.0001120695432
1564 8.904535773e-07 0.0001147158344
1565 8.452079768e-07 0.0001174583757
1566 8.034221671e-07 0.0001203019529
1567 7.659097037e-07 0.0001232516561
1568 7.336008769e-07 0.0001263129032
1569 7.075586525e-07 0.0001294914662
1570 6.889968739e-07 0.0001327934989
1571 6.793010694e-07 0.0001362255681
1572 6.800522645e-07 0.0001397946877
1573 6.930542626e-07 0.0001435083556
1574 7.203649388e-07 0.000147374595
1575 7.643321798e-07 0.0001514019987
1576 8.276352143e-07 0.0001555997796
1577 9.133322055e-07 0.0001599778245
1578 1.02491513e-06 0.0001645467549
1579 1.166373152e-06 0.0001693179936
1580 1.342265912e-06 0.0001743038387
1581 1.557808422e-06 0.0001795175456
1582 1.81896955e-06 0.0001849734177
1583 2.132586469e-06 0.0001906869081
1584 2.506497881e-06 0.0001966747318
1585 2.949699371e-06 0.0002029549923
1586 3.472524907e-06 0.0002095473213
1587 4.086859274e-06 0.0002164730365
1588 4.806387219e-06 0.0002237553176
1589 5.646886228e-06 0.0002314194046
1590 6.626571311e-06 0.0002394928197
1591 7.766501895e-06 0.0002480056186
1592 9.091063103e-06 0.0002569906727
1593 1.062853631e-05 0.0002664839887
1594 1.241177715e-05 0.0002765250703
1595 1.447902324e-05 0.0002871573277
1596 1.687485872e-05 0.0002984285434
1597 1.965136924e-05 0.0003103914008
1598 2.286952855e-05 0.0003231040867
1599 2.660086783e-05 0.0003366309781
1600 3.092949098e-05 0.0003510434264
1601 3.595451471e-05 0.000366420653
1602 4.179303169e-05 0.0003828507739
1603 4.858371983e-05 0.0004004319716
1604 5.649125212e-05 0.000419273837
1605 6.571170149e-05 0.0004394989028
1606 7.647918634e-05 0.0004612443974
1607 8.907406737e-05 0.0004846642441
1608 0.0001038330903 0.0005099313356
1609 0.0001211619762 0.0005372401081
1610 0.0001415510977 0.0005668094368
1611 0.0001655950566 0.0005988858605
1612 0.0001940172016 0.0006337471237
1613 0.0002277004102 0.0006717059849
1614 0.0002677258193 0.0007131141824
1615 0.0003154216372 0.0007583663474
1616 0.0003724247168 0.0008079035006
1617 0.0004407582214 0.0008622155277
1618 0.0005229294467 0.0009218416565
1619 0.0006220526189 0.0009873673953
1620 0.0007420021117 0.001059415546
1621 0.0008876017268 0.001138627658
1622 0.001064854859 0.001225630484
1623 0.001281217498 0.00132097948
1624 0.001545909275 0.001425068008
1625 0.001870244234 0.001537986735
1626 0.002267938248 0.001659313335
1627 0.002755308056 0.001787809585
1628 0.003351211482 0.001921005201
1629 0.004076487027 0.002054662539
1630 0.004952545257 0.00218215581
1631 0.005998688368 0.002293878271
1632 0.007227788758 0.002376921413
1633 0.008640306485 0.002415433907
1634 0.01021743029 0.002392182188
1635 0.01191533872 0.002291727572
1636 0.01366363804 0.002105109011
1637 0.0153708298 0.001834966014
1638 0.01693727837 0.001499086763
1639 0.01827224229 0.001130220003
1640 0.01930870888 0.0007711637646
1641 0.0200105498 0.0004662051656
1642 0.02037061506 0.0002517410563
1643 0.02040283267 0.0001493421058
1644 0.02013342247 0.000163431224
1645 0.01959544088 0.0002837249405
1646 0.01882818277 0.0004907039165
1647 0.01787993859 0.0007616023399
1648 0.01681054481 0.00107492407
1649 0.01569014839 0.001412665527
1650 0.01459288165 0.001760463959
1651 0.01358740339 0.00210644982
1652 0.01272819362 0.002439738131
1653 0.01205077849 0.002749415164
1654 0.01157161409 0.003024628788
1655 0.01129118072 0.003255945949
1656 0.01119810389 0.003437517954
1657 0.01127259896 0.003569020392
1658 0.01148842365 0.003656217692
1659 0.01181326867 0.003709574007
1660 0.01220803408 0.003741290965
1661 0.01262586564 0.003761854671
1662 0.01301223019 0.003777247444
1663 0.01330751906 0.003787596187
1664 0.01345326554 0.00378755638
1665 0.01340165842 0.003768311263
1666 0.01312586158 0.003720627543
1667 0.01262699974 0.003637982879
1668 0.01193422496 0.003518652912
1669 0.01109734457 0.003366075001
1670 0.01017509416 0.003187618832
1671 0.009223686901 0.002992549025
1672 0.008289057271 0.002790074465
1673 0.007403729541 0.002588032566
1674 0.006587308978 0.002392312122
1675 0.005848927135 0.00220683783
1676 0.005190233733 0.002033864755
1677 0.004608106043 0.001874379135
1678 0.00409674751 0.001728483954
1679 0.003649150308 0.001595715879
1680 0.003258030295 0.001475281964
1681 0.002916374822 0.001366224685
1682 0.002617728907 0.001267530582
1683 0.002356315783 0.001178197789
1684 0.002127059011 0.001097275174
1685 0.001925550325 0.001023882654
1686 0.001747990869 0.0009572195317
1687 0.00159112237 0.0008965655061
1688 0.001452157589 0.0008412774576
1689 0.001328714968 0.0007907839892
1690 0.001218759732 0.0007445789759
1691 0.001120552145 0.0007022148737
1692 0.001032602813 0.0006632962258
1693 0.0009536344833 0.0006274736001
1694 0.0008825496362 0.0005944380657
1695 0.0008184031048 0.0005639162424
1696 0.0007603790098 0.0005356659112
1697 0.0007077713514 0.0005094721514
1698 0.0006599676841 0.0004851439585
1699 0.0006164353798 0.0004625112921
1700 0.0005767100566 0.0004414225051
