# freq   SSP(yyz)   PPP(zzz)
1550 0.0001619209859 3.008044558e-06
1551 0.0001648558197 3.069923149e-06
1552 0.0001678697444 3.133634625e-06
1553 0.0001709655631 3.19924771e-06
1554 0.0001741462003 3.266834118e-06
1555 0.0001774147084 3.336468691e-06
1556 0.0001807742741 3.408229543e-06
1557 0.000184228225 3.482198207e-06
1558 0.0001877800371 3.558459792e-06
1559 0.0001914333424 3.637103141e-06
1560 0.0001951919366 3.718220998e-06
1561 0.0001990597883 3.801910178e-06
1562 0.0002030410472 3.888271747e-06
1563 0.0002071400545 3.977411198e-06
1564 0.0002113613521 4.069438637e-06
1565 0.000215709694 4.164468976e-06
1566 0.0002201900567 4.262622121e-06
1567 0.0002248076521 4.364023167e-06
1568 0.0002295679391 4.468802594e-06
1569 0.0002344766374 4.577096459e-06
1570 0.0002395397414 4.689046594e-06
1571 0.0002447635348 4.804800791e-06
1572 0.0002501546066 4.924512986e-06
1573 0.0002557198673 5.048343437e-06
1574 0.0002614665664 5.176458885e-06
1575 0.0002674023109 5.309032708e-06
1576 0.0002735350844 5.446245051e-06
1577 0.0002798732682 5.588282938e-06
1578 0.0002864256622 5.735340357e-06
1579 0.0002932015079 5.887618317e-06
1580 0.0003002105128 6.045324869e-06
1581 0.0003074628751 6.208675088e-06
1582 0.0003149693106 6.377891016e-06
1583 0.0003227410813 6.553201555e-06
1584 0.0003307900241 6.734842319e-06
1585 0.0003391285832 6.923055442e-06
1586 0.0003477698424 7.118089349e-06
1587 0.0003567275605 7.320198502e-06
1588 0.0003660162088 7.52964315e-06
1589 0.0003756510103 7.746689112e-06
1590 0.0003856479826 7.971607654e-06
1591 0.0003960239839 8.204675546e-06
1592 0.0004067967627 8.446175418e-06
1593 0.0004179850128 8.696396591e-06
1594 0.0004296084348 8.955636641e-06
1595 0.0004416878051 9.224204044e-06
1596 0.000454245056 9.502422414e-06
1597 0.0004673033691 9.790637014e-06
1598 0.0004808872876 1.008922454e-05
1599 0.0004950228534 1.039860754e-05
1600 0.0005097377778 1.071927529e-05
1601 0.0005250616582 1.105181391e-05
1602 0.0005410262568 1.139694923e-05
1603 0.0005576658663 1.175560759e-05
1604 0.0005750177928 1.212900169e-05
1605 0.0005931230013 1.251875142e-05
1606 0.0006120269867 1.29270536e-05
1607 0.000631780955 1.335692021e-05
1608 0.0006524434359 1.38125125e-05
1609 0.0006740824959 1.429960993e-05
1610 0.0006967787849 1.482626876e-05
1611 0.00072062975 1.540374826e-05
1612 0.0007457554779 1.604781567e-05
1613 0.0007723068231 1.678058848e-05
1614 0.0008004767443 1.763314144e-05
1615 0.0008305161532 1.864920489e-05
1616 0.0008627561192 1.989042473e-05
1617 0.0008976390318 2.144386196e-05
1618 0.0009357623863 2.343271014e-05
1619 0.000977940334 2.603163976e-05
1620 0.001025290156 2.948879375e-05
1621 0.001079353503 3.415732254e-05
1622 0.001142265705 4.054053678e-05
1623 0.001216990538 4.93563347e-05
1624 0.001307642163 6.162853259e-05
1625 0.001419918979 7.881491757e-05
1626 0.001561672748 0.0001029836719
1627 0.001743624162 0.0001370498718
1628 0.0019802015 0.0001850791105
1629 0.002290404066 0.0002526505996
1630 0.002698453516 0.0003472391021
1631 0.003233776846 0.0004785139221
1632 0.003929584724 0.0006583592625
1633 0.004819083401 0.0009003101543
1634 0.00592845963 0.001218034203
1635 0.007266605844 0.001622592283
1636 0.008813355929 0.002118612372
1637 0.01051033169 0.002700205732
1638 0.01225987457 0.003348141259
1639 0.01393616126 0.004029934097
1640 0.0154081048 0.004703735633
1641 0.01656804505 0.005325445534
1642 0.01735667935 0.005856988034
1643 0.01777528034 0.006272930405
1644 0.01788105707 0.006563063874
1645 0.01776844473 0.006730244356
1646 0.0175444459 0.006784945608
1647 0.0173068283 0.006739314795
1648 0.01713024447 0.006603228783
1649 0.01706039653 0.006383308533
1650 0.01711338117 0.00608422005
1651 0.01727723122 0.00571084866
1652 0.01751439564 0.005270229435
1653 0.01776588888 0.004772840224
1654 0.01795884562 0.004233278051
1655 0.01801851668 0.003670228959
1656 0.01788333737 0.003105399897
1657 0.01751880556 0.002561233357
1658 0.01692480085 0.002057850252
1659 0.01613324233 0.001610262615
1660 0.01519748196 0.001226879043
1661 0.01417833366 0.0009096593696
1662 0.01313193242 0.0006554994742
1663 0.01210234315 0.0004580664898
1664 0.01111916748 0.0003094357117
1665 0.01019880828 0.0002012419624
1666 0.009347663814 0.0001253728413
1667 0.008565788652 7.437198832e-05
1668 0.007850026211 4.170020106e-05
1669 0.007196122236 2.190970344e-05
1670 0.006599793847 1.071724034e-05
1671 0.006057045586 4.956806521e-06
1672 0.005564114203 2.428979012e-06
1673 0.005117332253 1.694920801e-06
1674 0.00471304889 1.866532978e-06
1675 0.004347630937 2.427020715e-06
1676 0.004017515393 3.094951799e-06
1677 0.003719277584 3.730048908e-06
1678 0.003449690959 4.27223005e-06
1679 0.003205768061 4.704292047e-06
1680 0.002984781494 5.030148487e-06
1681 0.002784268198 5.262729386e-06
1682 0.00260202173 5.417612996e-06
1683 0.002436076913 5.509922731e-06
1684 0.00228469034 5.553008267e-06
1685 0.00214631921 5.558053838e-06
1686 0.002019600136 5.534134347e-06
1687 0.001903328913 5.488460807e-06
1688 0.001796441801 5.426682062e-06
1689 0.001697998555 5.35317901e-06
1690 0.001607167266 5.271324486e-06
1691 0.00152321094 5.183700911e-06
1692 0.001445475716 5.092276757e-06
1693 0.001373380549 4.998546697e-06
1694 0.001306408218 4.903641362e-06
1695 0.001244097493 4.808412494e-06
1696 0.001186036334 4.713498596e-06
1697 0.00113185596 4.619375304e-06
1698 0.001081225706 4.526393952e-06
1699 0.001033848539 4.434811029e-06
1700 0.0009894571526 4.344810668e-06
