# freq   SSP(yyz)   PPP(zzz)
1550 7.339511887e-05 2.556156158e-05
1551 7.518917719e-05 2.571709719e-05
1552 7.704888345e-05 2.586957609e-05
1553 7.897744042e-05 2.601867816e-05
1554 8.097824643e-05 2.616406302e-05
1555 8.305490977e-05 2.630536898e-05
1556 8.521126426e-05 2.644221184e-05
1557 8.745138623e-05 2.657418381e-05
1558 8.977961295e-05 2.670085225e-05
1559 9.220056273e-05 2.682175848e-05
1560 9.471915682e-05 2.693641658e-05
1561 9.734064332e-05 2.704431209e-05
1562 0.0001000706232 2.714490084e-05
1563 0.0001029150791 2.723760775e-05
1564 0.000105880406 2.732182564e-05
1565 0.0001089734463 2.739691417e-05
1566 0.0001122015265 2.746219885e-05
1567 0.0001155724991 2.751697021e-05
1568 0.0001190947875 2.756048311e-05
1569 0.0001227774363 2.759195634e-05
1570 0.0001266301661 2.76105725e-05
1571 0.0001306634341 2.761547828e-05
1572 0.0001348885017 2.760578521e-05
1573 0.0001393175081 2.758057104e-05
1574 0.0001439635532 2.753888187e-05
1575 0.0001488407883 2.747973518e-05
1576 0.0001539645178 2.740212404e-05
1577 0.0001593513122 2.73050227e-05
1578 0.0001650191335 2.718739388e-05
1579 0.0001709874754 2.704819811e-05
1580 0.0001772775206 2.688640568e-05
1581 0.0001839123159 2.670101159e-05
1582 0.0001909169693 2.649105428e-05
1583 0.000198318871 2.625563885e-05
1584 0.000206147942 2.599396593e-05
1585 0.0002144369146 2.570536708e-05
1586 0.0002232216487 2.538934851e-05
1587 0.0002325414903 2.504564458e-05
1588 0.0002424396764 2.467428344e-05
1589 0.0002529637965 2.427566738e-05
1590 0.0002641663159 2.385067099e-05
1591 0.0002761051736 2.340076136e-05
1592 0.0002888444642 2.292814483e-05
1593 0.000302455219 2.243594666e-05
1594 0.000317016302 2.192843072e-05
1595 0.0003326154392 2.141126858e-05
1596 0.000349350405 2.089186927e-05
1597 0.0003673303915 2.037978392e-05
1598 0.0003866775935 1.988720301e-05
1599 0.0004075290459 1.942956818e-05
1600 0.0004300387602 1.902632639e-05
1601 0.0004543802124 1.870186126e-05
1602 0.0004807492485 1.848664541e-05
1603 0.0005093674833 1.84186693e-05
1604 0.0005404862862 1.854521679e-05
1605 0.0005743914634 1.892507675e-05
1606 0.0006114087679 1.963130448e-05
1607 0.0006519103972 2.075467809e-05
1608 0.0006963226618 2.240803565e-05
1609 0.0007451350488 2.473173148e-05
1610 0.0007989109362 2.790051733e-05
1611 0.0008583002594 3.213224172e-05
1612 0.0009240544685 3.769887259e-05
1613 0.0009970441524 4.494049226e-05
1614 0.001078279724 5.428309576e-05
1615 0.001168935551 6.626125269e-05
1616 0.001270377837 8.154697424e-05
1617 0.001384196383 0.0001009864642
1618 0.001512239968 0.0001256468154
1619 0.001656654413 0.00015687511
1620 0.001819921176 0.0001963727167
1621 0.002004892269 0.0002462876843
1622 0.002214814006 0.0003093277044
1623 0.002453326771 0.0003888945728
1624 0.002724419956 0.0004892374358
1625 0.003032309322 0.0006156147277
1626 0.003381187611 0.0007744410779
1627 0.003774778676 0.0009733722015
1628 0.00421560432 0.001221244174
1629 0.00470386198 0.001527731953
1630 0.005235833404 0.001902531877
1631 0.005801839747 0.002353829716
1632 0.006383980238 0.00288584945
1633 0.006954273543 0.003495489275
1634 0.007474298911 0.00416854726
1635 0.007897736928 0.004876811778
1636 0.008176847048 0.005578026578
1637 0.008272483495 0.006220747439
1638 0.008165047527 0.006754711407
1639 0.007862154421 0.007144708838
1640 0.007399318027 0.007383499093
1641 0.006832770654 0.007498777753
1642 0.006226920854 0.007551106038
1643 0.00564085997 0.007623003194
1644 0.005118038545 0.007802461316
1645 0.004681394768 0.008165726251
1646 0.004333988389 0.008763874569
1647 0.004063583663 0.009616088659
1648 0.003849072564 0.01071063536
1649 0.003666885268 0.01201283299
1650 0.003496089008 0.01347753988
1651 0.003321477055 0.01506218021
1652 0.00313458257 0.0167361083
1653 0.002933104089 0.01848376965
1654 0.0027194674 0.02030174156
1655 0.002499111495 0.02219177389
1656 0.002278794616 0.02415257406
1657 0.002065046219 0.02617245185
1658 0.001862913218 0.02822369192
1659 0.001675211388 0.03025841616
1660 0.001502426314 0.03220547348
1661 0.001343215937 0.03396887344
1662 0.00119528844 0.03542996898
1663 0.001056365227 0.03645673269
1664 0.0009249713639 0.03692251711
1665 0.0008008644392 0.03673272245
1666 0.0006850037493 0.03585191898
1667 0.0005790966754 0.03432006053
1668 0.0004849167221 0.03224889234
1669 0.0004036759695 0.02979864043
1670 0.0003356774137 0.02714462652
1671 0.0002803060136 0.0244467031
1672 0.0002362616095 0.02183017484
1673 0.000201878803 0.01937975995
1674 0.0001754119667 0.01714310519
1675 0.0001552299908 0.01513897431
1676 0.000139918385 0.0133662762
1677 0.0001283117277 0.01181183229
1678 0.0001194838036 0.01045617254
1679 0.0001127172153 0.009277437564
1680 0.0001074665367 0.008253778126
1681 0.0001033226896 0.007364688861
1682 9.998196292e-05 0.006591643892
1683 9.722064829e-05 0.005918305506
1684 9.487503878e-05 0.005330489834
1685 9.28260383e-05 0.004816007106
1686 9.098751059e-05 0.004364447862
1687 8.929755532e-05 0.003966956144
1688 8.771202424e-05 0.003616011744
1689 8.61997261e-05 0.003305232064
1690 8.473889264e-05 0.003029197563
1691 8.331458022e-05 0.002783301075
1692 8.19167628e-05 0.002563619449
1693 8.053893473e-05 0.002366805146
1694 7.917708867e-05 0.002189995169
1695 7.782896958e-05 0.00203073483
1696 7.649353168e-05 0.00188691402
1697 7.517054462e-05 0.001756713976
1698 7.38603092e-05 0.001638562793
1699 7.256345377e-05 0.001531098218
1700 7.128078956e-05 0.001433136483
