# freq   SSP(yyz)   PPP(zzz)
1550 5.701599926e-05 2.468686417e-07
1551 5.82629009e-05 2.600346379e-07
1552 5.955091042e-05 2.740185521e-07
1553 6.088184518e-05 2.888793791e-07
1554 6.225762357e-05 3.04681001e-07
1555 6.368027185e-05 3.21492647e-07
1556 6.515193143e-05 3.393894008e-07
1557 6.667486681e-05 3.584527636e-07
1558 6.825147407e-05 3.787712764e-07
1559 6.988429017e-05 4.004412112e-07
1560 7.157600291e-05 4.235673376e-07
1561 7.33294618e-05 4.482637754e-07
1562 7.514768977e-05 4.746549431e-07
1563 7.703389595e-05 5.028766147e-07
1564 7.899148953e-05 5.330770976e-07
1565 8.10240948e-05 5.654185494e-07
1566 8.313556756e-05 6.000784488e-07
1567 8.533001298e-05 6.372512429e-07
1568 8.76118051e-05 6.771501937e-07
1569 8.998560806e-05 7.200094502e-07
1570 9.245639941e-05 7.660863777e-07
1571 9.502949546e-05 8.156641793e-07
1572 9.771057922e-05 8.690548507e-07
1573 0.0001005057309 9.266025145e-07
1574 0.0001034214614 9.886871906e-07
1575 0.0001064647493 1.055729063e-06
1576 0.0001096430813 1.128193321e-06
1577 0.000112964497 1.206595652e-06
1578 0.0001164376378 1.291508496e-06
1579 0.0001200718021 1.383568166e-06
1580 0.0001238770049 1.483482982e-06
1581 0.0001278640448 1.592042568e-06
1582 0.0001320445776 1.7101285e-06
1583 0.0001364311991 1.838726532e-06
1584 0.0001410375359 1.978940647e-06
1585 0.0001458783475 2.132009248e-06
1586 0.0001509696398 2.299323854e-06
1587 0.000156328792 2.482450716e-06
1588 0.0001619746986 2.683155889e-06
1589 0.0001679279285 2.903434343e-06
1590 0.0001742109038 3.145543878e-06
1591 0.0001808481008 3.412044686e-06
1592 0.0001878662764 3.705845646e-06
1593 0.0001952947235 4.030258603e-06
1594 0.0002031655599 4.389062176e-06
1595 0.0002115140556 4.786576968e-06
1596 0.0002203790037 5.227754437e-06
1597 0.0002298031424 5.718282199e-06
1598 0.0002398336355 6.264709151e-06
1599 0.0002505226201 6.874594566e-06
1600 0.0002619278333 7.556686272e-06
1601 0.0002741133291 8.321134239e-06
1602 0.0002871503015 9.179747387e-06
1603 0.0003011180292 1.014630335e-05
1604 0.0003161049641 1.123692333e-05
1605 0.0003322099851 1.247052716e-05
1606 0.0003495438465 1.386938773e-05
1607 0.0003682308508 1.545980865e-05
1608 0.0003884107862 1.727295546e-05
1609 0.0004102411675 1.934587887e-05
1610 0.0004338998335 2.172277873e-05
1611 0.000459587953 2.445657083e-05
1612 0.0004875335019 2.761083615e-05
1613 0.000517995277 3.126225394e-05
1614 0.000551267513 3.550364896e-05
1615 0.0005876851667 4.044781981e-05
1616 0.0006276299181 4.623236226e-05
1617 0.0006715369072 5.30257613e-05
1618 0.0007199021687 6.103510044e-05
1619 0.0007732906262 7.051582928e-05
1620 0.0008323443394 8.178414166e-05
1621 0.0008977904231 9.523264358e-05
1622 0.0009704476294 0.0001113501259
1623 0.001051229922 0.0001307463788
1624 0.001141144388 0.0001541830506
1625 0.001241279406 0.0001826114869
1626 0.001352777047 0.0002172181452
1627 0.00147678118 0.000259477366
1628 0.001614349934 0.0003112096881
1629 0.001766318704 0.0003746411933
1630 0.001933099271 0.0004524552914
1631 0.002114404292 0.0005478230225
1632 0.002308897373 0.000664392192
1633 0.002513788776 0.0008062110848
1634 0.002724421856 0.0009775604253
1635 0.002933914804 0.001182665788
1636 0.003132925052 0.00142525465
1637 0.003309601249 0.001707902173
1638 0.003449831494 0.002031096853
1639 0.003538035367 0.00239201689
1640 0.003558905784 0.002783216122
1641 0.003500423455 0.003191740974
1642 0.003357899503 0.003599399532
1643 0.003137919716 0.003984669878
1644 0.002860523469 0.00432603346
1645 0.002558327015 0.004605776892
1646 0.002272423978 0.004813060186
1647 0.002046001404 0.004945391437
1648 0.001917169523 0.005008196107
1649 0.00191257131 0.005012608385
1650 0.002043077298 0.004971988455
1651 0.002302245718 0.004898073796
1652 0.002667373588 0.004797921443
1653 0.003102413819 0.004672627266
1654 0.003562172143 0.004518220884
1655 0.003997673495 0.004328379019
1656 0.004362597822 0.004097938458
1657 0.004619905594 0.003825857431
1658 0.004746884106 0.003516505203
1659 0.004736938825 0.003178968887
1660 0.004597797928 0.002825021528
1661 0.004347416054 0.002466876468
1662 0.004009535606 0.002115620246
1663 0.003610301458 0.001780580772
1664 0.003176192797 0.001469334437
1665 0.002732673048 0.001187855741
1666 0.002302804134 0.0009404603875
1667 0.00190555749 0.000729517808
1668 0.001554225027 0.0005551820873
1669 0.001255632496 0.0004154326695
1670 0.001010561854 0.0003065276524
1671 0.0008151948877 0.0002237305019
1672 0.0006629856676 0.0001620590984
1673 0.0005463699246 0.0001168589531
1674 0.0004579832807 8.412893559e-05
1675 0.0003913413408 6.063047396e-05
1676 0.0003410976789 4.385433594e-05
1677 0.000303037853 3.191664187e-05
1678 0.0002739418946 2.343423801e-05
1679 0.0002514025155 1.740718393e-05
1680 0.0002336467164 1.312002342e-05
1681 0.000219381753 1.006420749e-05
1682 0.000207671184 7.879644522e-06
1683 0.0001978393332 6.311842966e-06
1684 0.0001893996585 5.181038102e-06
1685 0.0001820020093 4.360202069e-06
1686 0.0001753942478 3.759489051e-06
1687 0.000169394534 3.315274533e-06
1688 0.0001638714053 2.982444635e-06
1689 0.0001587294962 2.72897264e-06
1690 0.0001538993155 2.532100872e-06
1691 0.0001493299302 2.375648488e-06
1692 0.0001449837284 2.248109325e-06
1693 0.0001408326689 2.14130495e-06
1694 0.000136855593 2.049428647e-06
1695 0.0001330362969 1.968365334e-06
1696 0.0001293621479 1.895206759e-06
1697 0.0001258230914 1.827905266e-06
1698 0.0001224109383 1.76502614e-06
1699 0.0001191188534 1.70557028e-06
1700 0.0001159409885 1.648847149e-06
