# freq   SSP(yyz)   PPP(zzz)
1550 7.131043258e-06 1.029408313e-07
1551 7.14020274e-06 1.009546816e-07
1552 7.146786707e-06 9.888146692e-08
1553 7.150635636e-06 9.672150572e-08
1554 7.15158301e-06 9.447565969e-08
1555 7.14945528e-06 9.21454265e-08
1556 7.144071867e-06 8.973304635e-08
1557 7.135245241e-06 8.724162414e-08
1558 7.12278108e-06 8.467526949e-08
1559 7.106478522e-06 8.203925747e-08
1560 7.086130543e-06 7.934021279e-08
1561 7.061524481e-06 7.658632139e-08
1562 7.032442722e-06 7.37875732e-08
1563 6.998663609e-06 7.095604102e-08
1564 6.95996259e-06 6.810620108e-08
1565 6.916113664e-06 6.525530159e-08
1566 6.866891185e-06 6.242378691e-08
1567 6.812072084e-06 5.963578606e-08
1568 6.751438597e-06 5.691967566e-08
1569 6.684781584e-06 5.430872945e-08
1570 6.611904571e-06 5.184186825e-08
1571 6.532628619e-06 4.956452671e-08
1572 6.446798219e-06 4.752965635e-08
1573 6.354288365e-06 4.579888734e-08
1574 6.255013059e-06 4.444387595e-08
1575 6.148935506e-06 4.354786921e-08
1576 6.036080327e-06 4.320752419e-08
1577 5.916548177e-06 4.353502625e-08
1578 5.790533227e-06 4.466055896e-08
1579 5.658344074e-06 4.673518838e-08
1580 5.520428741e-06 4.993423653e-08
1581 5.37740458e-06 5.446123341e-08
1582 5.230094041e-06 6.055255474e-08
1583 5.079567482e-06 6.848287408e-08
1584 4.927194448e-06 7.857158399e-08
1585 4.774705121e-06 9.119037308e-08
1586 4.624264063e-06 1.067721848e-07
1587 4.478558768e-06 1.258218318e-07
1588 4.340906158e-06 1.489285984e-07
1589 4.215380811e-06 1.767812376e-07
1590 4.106969595e-06 2.101858572e-07
1591 4.021758437e-06 2.500873048e-07
1592 3.967158294e-06 2.975947961e-07
1593 3.952179052e-06 3.540127095e-07
1594 3.987762171e-06 4.20877686e-07
1595 4.087185509e-06 5.000034454e-07
1596 4.26655706e-06 5.935350795e-07
1597 4.545418517e-06 7.040150165e-07
1598 4.947484866e-06 8.344634074e-07
1599 5.501552957e-06 9.88476392e-07
1600 6.242620594e-06 1.170346606e-06
1601 7.213268695e-06 1.385211449e-06
1602 8.465373223e-06 1.639236129e-06
1603 1.006223181e-05 1.939840421e-06
1604 1.208121359e-05 2.295980586e-06
1605 1.461707124e-05 2.718501138e-06
1606 1.778609417e-05 3.220575388e-06
1607 2.173133331e-05 3.81825925e-06
1608 2.662919621e-05 4.53119007e-06
1609 3.269779949e-05 5.383471791e-06
1610 4.020758272e-05 6.404800427e-06
1611 4.949484071e-05 7.63190037e-06
1612 6.097903262e-05 9.110364053e-06
1613 7.518499034e-05 1.089701629e-05
1614 9.277149429e-05 1.306296252e-05
1615 0.0001145681345 1.569752961e-05
1616 0.0001416229549 1.891337161e-05
1617 0.0001752641165 2.2853094e-05
1618 0.0002171797322 2.769785033e-05
1619 0.000269521124 3.367848433e-05
1620 0.0003350359897 4.108992135e-05
1621 0.0004172391911 5.030963544e-05
1622 0.0005206297445 6.182108502e-05
1623 0.0006509623931 7.624292549e-05
1624 0.0008155794905 9.436438653e-05
1625 0.001023801385 0.0001171861162
1626 0.001287356959 0.0001459634844
1627 0.001620804188 0.000182244944
1628 0.002041835246 0.0002278903998
1629 0.002571273769 0.0002850424528
1630 0.003232453049 0.0003560066709
1631 0.004049537155 0.0004429788065
1632 0.005044287455 0.0005475475849
1633 0.006230935671 0.0006699232782
1634 0.00760940223 0.0008079261799
1635 0.009158191558 0.0009559361274
1636 0.01082959018 0.001104220083
1637 0.01255035149 0.001239189438
1638 0.01422973527 0.001345006045
1639 0.01577348474 0.00140647718
1640 0.01709890933 0.001412540016
1641 0.01814533099 0.001359207171
1642 0.01887663543 0.001250897778
1643 0.01927680206 0.001099613489
1644 0.01934249086 0.000922218187
1645 0.01907759119 0.0007367920314
1646 0.01849300104 0.0005592845521
1647 0.01761157616 0.0004013657676
1648 0.01647467386 0.0002697412242
1649 0.01514505433 0.0001666677483
1650 0.01370254046 9.11731307e-05
1651 0.01223305234 4.047857668e-05
1652 0.01081546823 1.122702567e-05
1653 0.009511480243 2.768013463e-07
1654 0.008361220261 4.999907093e-06
1655 0.007384263416 2.318474682e-05
1656 0.006583784939 5.274136047e-05
1657 0.005951540215 9.142009789e-05
1658 0.005472156747 0.0001366828082
1659 0.0051261188 0.000185745479
1660 0.004891427998 0.0002357133906
1661 0.004744264053 0.0002837131521
1662 0.004659180767 0.0003269862439
1663 0.004609500424 0.0003629851925
1664 0.004568532541 0.0003895421995
1665 0.004511900403 0.0004051351668
1666 0.004420592599 0.0004091822638
1667 0.004283666162 0.0004022208974
1668 0.004099354518 0.0003858417924
1669 0.003873974109 0.0003623630473
1670 0.003619097294 0.0003343627214
1671 0.003348183363 0.0003042423332
1672 0.003073806974 0.000273943666
1673 0.002806037156 0.0002448462086
1674 0.00255191771 0.0002178014612
1675 0.002315686822 0.0001932380487
1676 0.00209934498 0.0001712837889
1677 0.001903292867 0.0001518739324
1678 0.00172689238 0.000134834075
1679 0.001568899312 0.0001199376014
1680 0.001427768796 0.0001069423477
1681 0.001301856188 9.561216375e-05
1682 0.001189540467 8.572833309e-05
1683 0.001089294028 7.709459689e-05
1684 0.0009997172863 6.953837782e-05
1685 0.0009195512998 6.290990277e-05
1686 0.0008476773145 5.708028195e-05
1687 0.0007831090943 5.193917521e-05
1688 0.0007249816959 4.739240231e-05
1689 0.0006725389259 4.335968484e-05
1690 0.0006251207758 3.977260691e-05
1691 0.0005821515445 3.657282356e-05
1692 0.0005431289899 3.371051458e-05
1693 0.000507614636 3.114306536e-05
1694 0.000475225238 2.883394995e-05
1695 0.0004456253378 2.675178975e-05
1696 0.0004185208142 2.486956256e-05
1697 0.000393653317 2.316393878e-05
1698 0.0003707954772 2.161472454e-05
1699 0.0003497467904 2.020439442e-05
1700 0.000330330081 1.891769894e-05
